0	0.9997559	0.0593262	0.0598145	0.0573731	0.0581055	0.0598145	0.0000000	0.0729981
1	0.6208497	0.0593262	0.0590820	0.0573731	0.0578613	0.0590820	0.0000000	0.0734863
2	0.3920899	0.0590820	0.0600586	0.0576172	0.0581055	0.0593262	0.0000000	0.0737305
3	0.4858399	0.0590820	0.0585938	0.0573731	0.0578613	0.0590820	0.0000000	0.0742188
4	0.4445801	0.0590820	0.0598145	0.0573731	0.0581055	0.0593262	0.0000000	0.0734863
5	0.4155274	0.0590820	0.0590820	0.0576172	0.0578613	0.0585938	0.0000000	0.0742188
6	0.5117188	0.0595703	0.0595703	0.0571289	0.0581055	0.0585938	0.0000000	0.0744629
7	0.3583985	0.0588379	0.0593262	0.0576172	0.0581055	0.0588379	0.0000000	0.0739746
8	0.5439454	0.0593262	0.0593262	0.0573731	0.0578613	0.0588379	0.0000000	0.0747070
9	0.3488770	0.0588379	0.0598145	0.0573731	0.0581055	0.0585938	0.0000000	0.0742188
10	0.5275880	0.0590820	0.0595703	0.0573731	0.0583496	0.0585938	0.0000000	0.0747070
11	0.3793946	0.0590820	0.0600586	0.0573731	0.0583496	0.0590820	0.0000000	0.0747070
12	0.4794922	0.0593262	0.0585938	0.0566406	0.0581055	0.0588379	0.0000000	0.0751953
13	0.4455567	0.0590820	0.0603027	0.0571289	0.0578613	0.0593262	0.0000000	0.0751953
14	0.4123535	0.0593262	0.0590820	0.0571289	0.0578613	0.0585938	0.0000000	0.0751953
15	0.5134278	0.0590820	0.0598145	0.0571289	0.0578613	0.0593262	0.0000000	0.0764160
16	0.3583985	0.0588379	0.0590820	0.0571289	0.0576172	0.0588379	0.0000000	0.0769043
17	0.5444337	0.0590820	0.0595703	0.0571289	0.0588379	0.0585938	0.0000000	0.0781250
18	0.3510742	0.0588379	0.0600586	0.0571289	0.0588379	0.0585938	0.0000000	0.0781250
19	0.5302735	0.0593262	0.0590820	0.0571289	0.0593262	0.0583496	0.0000000	0.0786133
20	0.3828125	0.0588379	0.0600586	0.0568848	0.0598145	0.0590820	0.0000000	0.0795899
21	0.4809571	0.0590820	0.0595703	0.0571289	0.0593262	0.0581055	0.0000000	0.0800781
22	0.4489746	0.0585938	0.0600586	0.0571289	0.0595703	0.0583496	0.0000000	0.0798340
23	0.4150391	0.0595703	0.0585938	0.0568848	0.0598145	0.0581055	0.0000000	0.0798340
24	0.5183106	0.0593262	0.0595703	0.0571289	0.0603027	0.0585938	0.0000000	0.0798340
25	0.3591309	0.0588379	0.0595703	0.0568848	0.0598145	0.0583496	0.0000000	0.0791016
26	0.5456544	0.0590820	0.0595703	0.0568848	0.0600586	0.0581055	0.0000000	0.0786133
27	0.3527832	0.0588379	0.0598145	0.0566406	0.0598145	0.0585938	0.0000000	0.0781250
28	0.5292969	0.0593262	0.0588379	0.0568848	0.0600586	0.0581055	0.0000000	0.0783691
29	0.3825684	0.0590820	0.0598145	0.0568848	0.0607910	0.0585938	0.0000000	0.0776367
30	0.4782715	0.0588379	0.0583496	0.0563965	0.0600586	0.0583496	0.0000000	0.0773926
31	0.4470215	0.0590820	0.0598145	0.0568848	0.0605469	0.0593262	0.0000000	0.0761719
32	0.4106446	0.0590820	0.0585938	0.0568848	0.0605469	0.0583496	0.0000000	0.0759277
33	0.5136719	0.0593262	0.0593262	0.0568848	0.0605469	0.0595703	0.0000000	0.0751953
34	0.3559571	0.0588379	0.0590820	0.0568848	0.0607910	0.0588379	0.0000000	0.0759277
35	0.5417481	0.0593262	0.0593262	0.0568848	0.0605469	0.0593262	0.0000000	0.0756836
36	0.3493653	0.0588379	0.0595703	0.0571289	0.0610352	0.0603027	0.0000000	0.0759277
37	0.5258790	0.0593262	0.0585938	0.0566406	0.0612793	0.0595703	0.0000000	0.0773926
38	0.3806153	0.0590820	0.0600586	0.0568848	0.0612793	0.0607910	0.0000000	0.0771484
39	0.4775391	0.0588379	0.0590820	0.0568848	0.0610352	0.0607910	0.0000000	0.0793457
40	0.4472657	0.0588379	0.0605469	0.0568848	0.0610352	0.0615234	0.0000000	0.0798340
41	0.4135742	0.0590820	0.0593262	0.0573731	0.0615234	0.0617676	0.0000000	0.0810547
42	0.5148926	0.0593262	0.0603027	0.0568848	0.0615234	0.0620117	0.0000000	0.0810547
43	0.3613282	0.0593262	0.0598145	0.0568848	0.0617676	0.0625000	0.0000000	0.0815430
44	0.5468751	0.0590820	0.0603027	0.0566406	0.0610352	0.0620117	0.0000000	0.0817871
45	0.3530274	0.0590820	0.0603027	0.0571289	0.0605469	0.0625000	0.0000000	0.0812988
46	0.5307618	0.0590820	0.0595703	0.0573731	0.0605469	0.0622559	0.0000000	0.0815430
47	0.3828125	0.0588379	0.0605469	0.0573731	0.0603027	0.0629883	0.0000000	0.0800781
48	0.4831543	0.0590820	0.0588379	0.0576172	0.0603027	0.0622559	0.0000000	0.0800781
49	0.4465332	0.0590820	0.0605469	0.0573731	0.0605469	0.0622559	0.0000000	0.0791016
50	0.4147950	0.0590820	0.0590820	0.0578613	0.0605469	0.0620117	0.0000000	0.0786133
51	0.5119630	0.0588379	0.0603027	0.0581055	0.0600586	0.0622559	0.0000000	0.0769043
52	0.3593750	0.0590820	0.0593262	0.0578613	0.0605469	0.0617676	0.0000000	0.0761719
53	0.5427247	0.0588379	0.0598145	0.0578613	0.0600586	0.0610352	0.0000000	0.0759277
54	0.3486328	0.0590820	0.0600586	0.0581055	0.0603027	0.0610352	0.0000000	0.0759277
55	0.5275880	0.0588379	0.0590820	0.0583496	0.0605469	0.0600586	0.0000000	0.0751953
56	0.3767090	0.0593262	0.0600586	0.0581055	0.0600586	0.0605469	0.0000000	0.0739746
57	0.4821778	0.0588379	0.0583496	0.0583496	0.0600586	0.0598145	0.0000000	0.0739746
58	0.4396973	0.0588379	0.0600586	0.0583496	0.0598145	0.0603027	0.0000000	0.0737305
59	0.4135742	0.0593262	0.0585938	0.0583496	0.0593262	0.0588379	0.0000000	0.0737305
60	0.5063477	0.0590820	0.0600586	0.0576172	0.0598145	0.0588379	0.0000000	0.0732422
61	0.3562012	0.0585938	0.0588379	0.0581055	0.0603027	0.0583496	0.0000000	0.0729981
62	0.5390626	0.0590820	0.0593262	0.0581055	0.0593262	0.0585938	0.0000000	0.0734863
63	0.3447266	0.0593262	0.0598145	0.0578613	0.0593262	0.0588379	0.0000000	0.0725098
64	0.5266114	0.0590820	0.0588379	0.0576172	0.0593262	0.0578613	0.0000000	0.0732422
65	0.3730469	0.0588379	0.0600586	0.0578613	0.0590820	0.0583496	0.0000000	0.0722656
66	0.4833985	0.0588379	0.0588379	0.0573731	0.0590820	0.0576172	0.0000000	0.0729981
67	0.4365235	0.0590820	0.0603027	0.0573731	0.0593262	0.0583496	0.0000000	0.0725098
68	0.4145508	0.0588379	0.0590820	0.0576172	0.0593262	0.0576172	0.0000000	0.0722656
69	0.5031739	0.0593262	0.0603027	0.0576172	0.0593262	0.0578613	0.0000000	0.0729981
70	0.3579102	0.0590820	0.0598145	0.0573731	0.0583496	0.0576172	0.0000000	0.0725098
71	0.5380860	0.0590820	0.0603027	0.0573731	0.0593262	0.0573731	0.0000000	0.0725098
72	0.3432617	0.0590820	0.0607910	0.0581055	0.0588379	0.0578613	0.0000000	0.0727539
73	0.5280762	0.0593262	0.0598145	0.0585938	0.0590820	0.0571289	0.0000000	0.0729981
74	0.3720703	0.0590820	0.0610352	0.0590820	0.0588379	0.0573731	0.0000000	0.0729981
75	0.4885254	0.0588379	0.0595703	0.0595703	0.0590820	0.0571289	0.0000000	0.0729981
76	0.4348145	0.0590820	0.0610352	0.0600586	0.0590820	0.0578613	0.0000000	0.0734863
77	0.4189453	0.0593262	0.0598145	0.0607910	0.0590820	0.0573731	0.0000000	0.0732422
78	0.4990235	0.0588379	0.0607910	0.0615234	0.0593262	0.0573731	0.0000000	0.0737305
79	0.3618164	0.0590820	0.0600586	0.0615234	0.0590820	0.0576172	0.0000000	0.0734863
80	0.5378419	0.0590820	0.0605469	0.0620117	0.0588379	0.0573731	0.0000000	0.0747070
81	0.3437500	0.0590820	0.0605469	0.0625000	0.0588379	0.0573731	0.0000000	0.0744629
82	0.5317383	0.0590820	0.0595703	0.0625000	0.0593262	0.0571289	0.0000000	0.0756836
83	0.3708496	0.0590820	0.0607910	0.0622559	0.0590820	0.0571289	0.0000000	0.0754395
84	0.4929200	0.0590820	0.0595703	0.0620117	0.0593262	0.0568848	0.0000000	0.0756836
85	0.4321289	0.0590820	0.0612793	0.0620117	0.0588379	0.0573731	0.0000000	0.0759277
86	0.4248047	0.0590820	0.0598145	0.0620117	0.0590820	0.0568848	0.0000000	0.0764160
87	0.4978028	0.0590820	0.0612793	0.0620117	0.0590820	0.0576172	0.0000000	0.0761719
88	0.3657227	0.0590820	0.0605469	0.0612793	0.0593262	0.0571289	0.0000000	0.0761719
89	0.5390626	0.0588379	0.0607910	0.0612793	0.0590820	0.0571289	0.0000000	0.0776367
90	0.3449707	0.0590820	0.0610352	0.0605469	0.0590820	0.0573731	0.0000000	0.0769043
91	0.5346680	0.0590820	0.0603027	0.0605469	0.0585938	0.0566406	0.0000000	0.0778809
92	0.3710938	0.0590820	0.0612793	0.0600586	0.0590820	0.0576172	0.0000000	0.0776367
93	0.4992676	0.0590820	0.0603027	0.0598145	0.0590820	0.0566406	0.0000000	0.0783691
94	0.4289551	0.0593262	0.0615234	0.0598145	0.0585938	0.0576172	0.0000000	0.0778809
95	0.4311524	0.0590820	0.0603027	0.0595703	0.0588379	0.0571289	0.0000000	0.0781250
96	0.4919434	0.0593262	0.0615234	0.0593262	0.0588379	0.0573731	0.0000000	0.0783691
97	0.3684082	0.0590820	0.0605469	0.0588379	0.0593262	0.0568848	0.0000000	0.0778809
98	0.5390626	0.0590820	0.0612793	0.0590820	0.0590820	0.0573731	0.0000000	0.0791016
99	0.3461914	0.0590820	0.0612793	0.0590820	0.0590820	0.0576172	0.0000000	0.0776367
100	0.5368653	0.0593262	0.0605469	0.0588379	0.0590820	0.0576172	0.0000000	0.0781250
101	0.3686524	0.0590820	0.0617676	0.0585938	0.0590820	0.0578613	0.0000000	0.0773926
102	0.5014649	0.0590820	0.0605469	0.0585938	0.0595703	0.0563965	0.0000000	0.0788574
103	0.4270020	0.0595703	0.0617676	0.0588379	0.0588379	0.0573731	0.0000000	0.0778809
104	0.4338379	0.0590820	0.0600586	0.0585938	0.0583496	0.0568848	0.0000000	0.0773926
105	0.4885254	0.0593262	0.0615234	0.0583496	0.0585938	0.0571289	0.0000000	0.0776367
106	0.3696289	0.0590820	0.0607910	0.0583496	0.0588379	0.0563965	0.0000000	0.0773926
107	0.5378419	0.0593262	0.0607910	0.0583496	0.0590820	0.0573731	0.0000000	0.0766602
108	0.3442383	0.0585938	0.0607910	0.0583496	0.0590820	0.0573731	0.0000000	0.0756836
109	0.5368653	0.0593262	0.0600586	0.0581055	0.0585938	0.0573731	0.0000000	0.0756836
110	0.3649903	0.0590820	0.0610352	0.0581055	0.0588379	0.0576172	0.0000000	0.0744629
111	0.5007325	0.0590820	0.0598145	0.0581055	0.0588379	0.0568848	0.0000000	0.0747070
112	0.4199219	0.0590820	0.0610352	0.0581055	0.0588379	0.0576172	0.0000000	0.0737305
113	0.4340821	0.0585938	0.0595703	0.0581055	0.0588379	0.0568848	0.0000000	0.0737305
114	0.4819336	0.0593262	0.0605469	0.0581055	0.0588379	0.0568848	0.0000000	0.0734863
115	0.3686524	0.0588379	0.0598145	0.0581055	0.0588379	0.0568848	0.0000000	0.0734863
116	0.5334473	0.0593262	0.0603027	0.0578613	0.0590820	0.0573731	0.0000000	0.0732422
117	0.3425293	0.0590820	0.0603027	0.0581055	0.0588379	0.0573731	0.0000000	0.0725098
118	0.5344239	0.0595703	0.0598145	0.0576172	0.0593262	0.0568848	0.0000000	0.0732422
119	0.3591309	0.0588379	0.0603027	0.0578613	0.0590820	0.0573731	0.0000000	0.0722656
120	0.5024415	0.0593262	0.0593262	0.0576172	0.0588379	0.0566406	0.0000000	0.0729981
121	0.4123535	0.0593262	0.0603027	0.0578613	0.0590820	0.0568848	0.0000000	0.0722656
122	0.4365235	0.0590820	0.0588379	0.0576172	0.0590820	0.0563965	0.0000000	0.0725098
123	0.4775391	0.0593262	0.0600586	0.0576172	0.0588379	0.0571289	0.0000000	0.0727539
124	0.3684082	0.0588379	0.0595703	0.0576172	0.0588379	0.0573731	0.0000000	0.0717774
125	0.5310059	0.0593262	0.0595703	0.0576172	0.0588379	0.0571289	0.0000000	0.0727539
126	0.3413086	0.0593262	0.0595703	0.0578613	0.0593262	0.0571289	0.0000000	0.0725098
127	0.5361329	0.0598145	0.0588379	0.0581055	0.0590820	0.0561523	0.0000000	0.0732422
128	0.3586426	0.0590820	0.0603027	0.0576172	0.0588379	0.0566406	0.0000000	0.0727539
129	0.5043946	0.0590820	0.0588379	0.0576172	0.0590820	0.0561523	0.0000000	0.0720215
130	0.4091797	0.0588379	0.0605469	0.0578613	0.0590820	0.0568848	0.0000000	0.0732422
131	0.4387207	0.0593262	0.0590820	0.0576172	0.0588379	0.0563965	0.0000000	0.0727539
132	0.4736328	0.0590820	0.0603027	0.0576172	0.0590820	0.0563965	0.0000000	0.0732422
133	0.3728028	0.0593262	0.0595703	0.0578613	0.0588379	0.0563965	0.0000000	0.0737305
134	0.5283204	0.0593262	0.0600586	0.0578613	0.0590820	0.0566406	0.0000000	0.0742188
135	0.3425293	0.0590820	0.0595703	0.0581055	0.0590820	0.0566406	0.0000000	0.0734863
136	0.5368653	0.0590820	0.0590820	0.0576172	0.0590820	0.0566406	0.0000000	0.0737305
137	0.3581543	0.0593262	0.0603027	0.0578613	0.0593262	0.0568848	0.0000000	0.0737305
138	0.5065919	0.0590820	0.0593262	0.0573731	0.0593262	0.0563965	0.0000000	0.0744629
139	0.4042969	0.0590820	0.0605469	0.0578613	0.0590820	0.0576172	0.0000000	0.0739746
140	0.4431153	0.0590820	0.0593262	0.0578613	0.0588379	0.0568848	0.0000000	0.0742188
141	0.4719239	0.0595703	0.0607910	0.0578613	0.0593262	0.0576172	0.0000000	0.0747070
142	0.3767090	0.0590820	0.0598145	0.0576172	0.0593262	0.0578613	0.0000000	0.0744629
143	0.5263672	0.0590820	0.0607910	0.0578613	0.0590820	0.0583496	0.0000000	0.0751953
144	0.3452149	0.0588379	0.0605469	0.0573731	0.0593262	0.0588379	0.0000000	0.0747070
145	0.5393067	0.0593262	0.0603027	0.0576172	0.0593262	0.0595703	0.0000000	0.0751953
146	0.3566895	0.0593262	0.0607910	0.0576172	0.0595703	0.0605469	0.0000000	0.0747070
147	0.5090333	0.0593262	0.0600586	0.0568848	0.0598145	0.0607910	0.0000000	0.0756836
148	0.4001465	0.0593262	0.0612793	0.0578613	0.0603027	0.0620117	0.0000000	0.0754395
149	0.4450684	0.0593262	0.0595703	0.0581055	0.0600586	0.0617676	0.0000000	0.0756836
150	0.4694825	0.0593262	0.0607910	0.0578613	0.0600586	0.0629883	0.0000000	0.0754395
151	0.3811035	0.0593262	0.0600586	0.0576172	0.0600586	0.0637207	0.0000000	0.0749512
152	0.5263672	0.0590820	0.0605469	0.0578613	0.0598145	0.0634766	0.0000000	0.0766602
153	0.3449707	0.0593262	0.0598145	0.0578613	0.0600586	0.0642090	0.0000000	0.0756836
154	0.5393067	0.0590820	0.0598145	0.0578613	0.0603027	0.0629883	0.0000000	0.0766602
155	0.3552246	0.0595703	0.0605469	0.0578613	0.0600586	0.0637207	0.0000000	0.0756836
156	0.5117188	0.0593262	0.0590820	0.0581055	0.0598145	0.0625000	0.0000000	0.0761719
157	0.3962403	0.0593262	0.0607910	0.0576172	0.0603027	0.0629883	0.0000000	0.0764160
158	0.4494629	0.0588379	0.0593262	0.0576172	0.0595703	0.0612793	0.0000000	0.0766602
159	0.4648438	0.0595703	0.0600586	0.0578613	0.0595703	0.0612793	0.0000000	0.0769043
160	0.3854981	0.0595703	0.0588379	0.0576172	0.0595703	0.0607910	0.0000000	0.0764160
161	0.5244141	0.0590820	0.0598145	0.0576172	0.0590820	0.0598145	0.0000000	0.0773926
162	0.3461914	0.0593262	0.0593262	0.0581055	0.0588379	0.0590820	0.0000000	0.0769043
163	0.5422364	0.0593262	0.0590820	0.0581055	0.0578613	0.0578613	0.0000000	0.0773926
164	0.3547364	0.0590820	0.0600586	0.0578613	0.0588379	0.0583496	0.0000000	0.0778809
165	0.5139161	0.0593262	0.0588379	0.0578613	0.0585938	0.0568848	0.0000000	0.0786133
166	0.3930664	0.0590820	0.0600586	0.0578613	0.0581055	0.0576172	0.0000000	0.0783691
167	0.4548340	0.0585938	0.0588379	0.0578613	0.0583496	0.0568848	0.0000000	0.0786133
168	0.4641114	0.0590820	0.0598145	0.0581055	0.0581055	0.0568848	0.0000000	0.0795899
169	0.3903809	0.0593262	0.0585938	0.0578613	0.0585938	0.0563965	0.0000000	0.0808106
170	0.5236817	0.0593262	0.0600586	0.0578613	0.0583496	0.0563965	0.0000000	0.0820313
171	0.3500977	0.0593262	0.0598145	0.0576172	0.0581055	0.0566406	0.0000000	0.0820313
172	0.5456544	0.0595703	0.0593262	0.0583496	0.0576172	0.0563965	0.0000000	0.0832520
173	0.3569336	0.0595703	0.0603027	0.0578613	0.0578613	0.0566406	0.0000000	0.0837402
174	0.5219727	0.0598145	0.0595703	0.0576172	0.0578613	0.0563965	0.0000000	0.0844727
175	0.3945313	0.0600586	0.0603027	0.0581055	0.0578613	0.0566406	0.0000000	0.0852051
176	0.4624024	0.0603027	0.0593262	0.0581055	0.0583496	0.0561523	0.0000000	0.0852051
177	0.4636231	0.0598145	0.0603027	0.0578613	0.0581055	0.0566406	0.0000000	0.0847168
178	0.3991700	0.0600586	0.0590820	0.0576172	0.0576172	0.0559082	0.0000000	0.0839844
179	0.5239258	0.0600586	0.0603027	0.0578613	0.0578613	0.0561523	0.0000000	0.0837402
180	0.3540039	0.0600586	0.0595703	0.0578613	0.0581055	0.0566406	0.0000000	0.0830078
181	0.5478516	0.0603027	0.0593262	0.0576172	0.0583496	0.0563965	0.0000000	0.0817871
182	0.3544922	0.0600586	0.0600586	0.0578613	0.0578613	0.0568848	0.0000000	0.0808106
183	0.5209962	0.0603027	0.0588379	0.0578613	0.0581055	0.0561523	0.0000000	0.0798340
184	0.3891602	0.0598145	0.0603027	0.0578613	0.0581055	0.0571289	0.0000000	0.0795899
185	0.4643555	0.0600586	0.0588379	0.0581055	0.0581055	0.0563965	0.0000000	0.0788574
186	0.4555664	0.0603027	0.0603027	0.0581055	0.0581055	0.0571289	0.0000000	0.0783691
187	0.4003907	0.0600586	0.0585938	0.0583496	0.0590820	0.0566406	0.0000000	0.0776367
188	0.5180665	0.0600586	0.0600586	0.0583496	0.0578613	0.0568848	0.0000000	0.0769043
189	0.3513184	0.0600586	0.0593262	0.0588379	0.0585938	0.0568848	0.0000000	0.0764160
190	0.5422364	0.0600586	0.0590820	0.0590820	0.0583496	0.0559082	0.0000000	0.0769043
191	0.3483887	0.0600586	0.0598145	0.0595703	0.0585938	0.0566406	0.0000000	0.0756836
192	0.5212403	0.0600586	0.0588379	0.0593262	0.0585938	0.0566406	0.0000000	0.0759277
193	0.3825684	0.0600586	0.0598145	0.0598145	0.0590820	0.0568848	0.0000000	0.0749512
194	0.4672852	0.0600586	0.0588379	0.0600586	0.0585938	0.0561523	0.0000000	0.0754395
195	0.4482422	0.0598145	0.0600586	0.0600586	0.0585938	0.0571289	0.0000000	0.0742188
196	0.4042969	0.0600586	0.0588379	0.0598145	0.0588379	0.0566406	0.0000000	0.0739746
197	0.5129395	0.0600586	0.0595703	0.0603027	0.0588379	0.0573731	0.0000000	0.0742188
198	0.3520508	0.0598145	0.0590820	0.0600586	0.0585938	0.0571289	0.0000000	0.0732422
199	0.5397950	0.0603027	0.0598145	0.0603027	0.0588379	0.0561523	0.0000000	0.0739746
200	0.3452149	0.0600586	0.0600586	0.0605469	0.0585938	0.0573731	0.0000000	0.0729981
201	0.5234376	0.0595703	0.0590820	0.0607910	0.0588379	0.0563965	0.0000000	0.0739746
202	0.3769532	0.0600586	0.0598145	0.0603027	0.0585938	0.0571289	0.0000000	0.0729981
203	0.4746094	0.0595703	0.0588379	0.0603027	0.0588379	0.0563965	0.0000000	0.0737305
204	0.4406739	0.0600586	0.0600586	0.0603027	0.0588379	0.0571289	0.0000000	0.0725098
205	0.4091797	0.0598145	0.0585938	0.0605469	0.0588379	0.0568848	0.0000000	0.0729981
206	0.5063477	0.0595703	0.0595703	0.0605469	0.0588379	0.0566406	0.0000000	0.0734863
207	0.3547364	0.0588379	0.0595703	0.0605469	0.0585938	0.0559082	0.0000000	0.0737305
208	0.5378419	0.0595703	0.0595703	0.0605469	0.0588379	0.0563965	0.0000000	0.0729981
209	0.3437500	0.0595703	0.0600586	0.0610352	0.0588379	0.0566406	0.0000000	0.0727539
210	0.5268555	0.0595703	0.0590820	0.0610352	0.0588379	0.0563965	0.0000000	0.0732422
211	0.3723145	0.0593262	0.0603027	0.0612793	0.0585938	0.0568848	0.0000000	0.0734863
212	0.4848633	0.0593262	0.0585938	0.0605469	0.0590820	0.0568848	0.0000000	0.0732422
213	0.4360352	0.0593262	0.0603027	0.0612793	0.0588379	0.0573731	0.0000000	0.0732422
214	0.4165039	0.0595703	0.0588379	0.0607910	0.0585938	0.0563965	0.0000000	0.0732422
215	0.5021973	0.0593262	0.0600586	0.0607910	0.0593262	0.0571289	0.0000000	0.0734863
216	0.3603516	0.0590820	0.0595703	0.0598145	0.0583496	0.0566406	0.0000000	0.0734863
217	0.5378419	0.0593262	0.0595703	0.0600586	0.0588379	0.0563965	0.0000000	0.0732422
218	0.3432617	0.0590820	0.0600586	0.0600586	0.0585938	0.0573731	0.0000000	0.0737305
219	0.5300294	0.0593262	0.0593262	0.0595703	0.0593262	0.0566406	0.0000000	0.0737305
220	0.3688965	0.0590820	0.0600586	0.0595703	0.0588379	0.0573731	0.0000000	0.0739746
221	0.4934082	0.0593262	0.0590820	0.0595703	0.0588379	0.0566406	0.0000000	0.0737305
222	0.4299317	0.0588379	0.0603027	0.0593262	0.0590820	0.0568848	0.0000000	0.0739746
223	0.4252930	0.0590820	0.0588379	0.0588379	0.0593262	0.0561523	0.0000000	0.0734863
224	0.4929200	0.0588379	0.0600586	0.0585938	0.0593262	0.0563965	0.0000000	0.0747070
225	0.3654785	0.0588379	0.0593262	0.0585938	0.0588379	0.0568848	0.0000000	0.0734863
226	0.5363770	0.0590820	0.0598145	0.0583496	0.0593262	0.0568848	0.0000000	0.0742188
227	0.3422852	0.0590820	0.0600586	0.0581055	0.0588379	0.0568848	0.0000000	0.0734863
228	0.5346680	0.0590820	0.0593262	0.0583496	0.0585938	0.0568848	0.0000000	0.0739746
229	0.3649903	0.0590820	0.0605469	0.0581055	0.0588379	0.0566406	0.0000000	0.0737305
230	0.4990235	0.0595703	0.0588379	0.0578613	0.0588379	0.0561523	0.0000000	0.0739746
231	0.4228516	0.0593262	0.0605469	0.0581055	0.0588379	0.0568848	0.0000000	0.0739746
232	0.4313965	0.0600586	0.0588379	0.0578613	0.0585938	0.0559082	0.0000000	0.0742188
233	0.4838867	0.0605469	0.0607910	0.0571289	0.0588379	0.0568848	0.0000000	0.0732422
234	0.3693848	0.0610352	0.0595703	0.0576172	0.0588379	0.0568848	0.0000000	0.0734863
235	0.5341797	0.0622559	0.0598145	0.0578613	0.0588379	0.0563965	0.0000000	0.0739746
236	0.3439942	0.0622559	0.0603027	0.0578613	0.0590820	0.0561523	0.0000000	0.0737305
237	0.5368653	0.0622559	0.0593262	0.0578613	0.0590820	0.0561523	0.0000000	0.0742188
238	0.3623047	0.0622559	0.0603027	0.0581055	0.0588379	0.0563965	0.0000000	0.0737305
239	0.5021973	0.0622559	0.0593262	0.0578613	0.0585938	0.0556641	0.0000000	0.0734863
240	0.4133301	0.0620117	0.0605469	0.0578613	0.0590820	0.0566406	0.0000000	0.0729981
241	0.4365235	0.0620117	0.0590820	0.0581055	0.0585938	0.0561523	0.0000000	0.0732422
242	0.4792481	0.0617676	0.0603027	0.0578613	0.0581055	0.0563965	0.0000000	0.0727539
243	0.3706055	0.0612793	0.0593262	0.0578613	0.0583496	0.0554199	0.0000000	0.0729981
244	0.5302735	0.0610352	0.0600586	0.0576172	0.0585938	0.0563965	0.0000000	0.0725098
245	0.3430176	0.0607910	0.0600586	0.0576172	0.0588379	0.0561523	0.0000000	0.0732422
246	0.5368653	0.0605469	0.0600586	0.0578613	0.0585938	0.0559082	0.0000000	0.0732422
247	0.3583985	0.0605469	0.0610352	0.0578613	0.0588379	0.0561523	0.0000000	0.0722656
248	0.5048829	0.0605469	0.0605469	0.0576172	0.0583496	0.0554199	0.0000000	0.0727539
249	0.4045410	0.0603027	0.0625000	0.0581055	0.0590820	0.0561523	0.0000000	0.0729981
250	0.4418946	0.0603027	0.0612793	0.0581055	0.0588379	0.0556641	0.0000000	0.0732422
251	0.4707032	0.0600586	0.0625000	0.0578613	0.0585938	0.0566406	0.0000000	0.0727539
252	0.3764649	0.0603027	0.0615234	0.0581055	0.0590820	0.0559082	0.0000000	0.0732422
253	0.5266114	0.0603027	0.0620117	0.0576172	0.0588379	0.0556641	0.0000000	0.0742188
254	0.3439942	0.0600586	0.0615234	0.0578613	0.0590820	0.0563965	0.0000000	0.0742188
255	0.5390626	0.0603027	0.0607910	0.0581055	0.0585938	0.0561523	0.0000000	0.0747070
256	0.3559571	0.0603027	0.0610352	0.0583496	0.0585938	0.0566406	0.0000000	0.0751953
257	0.5109864	0.0605469	0.0595703	0.0583496	0.0590820	0.0563965	0.0000000	0.0756836
258	0.3972168	0.0603027	0.0603027	0.0581055	0.0588379	0.0566406	0.0000000	0.0769043
259	0.4494629	0.0605469	0.0588379	0.0581055	0.0590820	0.0559082	0.0000000	0.0771484
260	0.4677735	0.0605469	0.0605469	0.0583496	0.0585938	0.0563965	0.0000000	0.0791016
261	0.3850098	0.0615234	0.0595703	0.0583496	0.0581055	0.0566406	0.0000000	0.0788574
262	0.5256348	0.0607910	0.0603027	0.0581055	0.0588379	0.0566406	0.0000000	0.0800781
263	0.3491211	0.0607910	0.0600586	0.0583496	0.0585938	0.0566406	0.0000000	0.0803223
264	0.5441895	0.0610352	0.0598145	0.0583496	0.0588379	0.0559082	0.0000000	0.0812988
265	0.3571778	0.0607910	0.0607910	0.0583496	0.0588379	0.0566406	0.0000000	0.0820313
266	0.5180665	0.0603027	0.0593262	0.0578613	0.0585938	0.0566406	0.0000000	0.0822754
267	0.3967285	0.0607910	0.0605469	0.0583496	0.0585938	0.0573731	0.0000000	0.0817871
268	0.4584961	0.0600586	0.0588379	0.0583496	0.0585938	0.0561523	0.0000000	0.0820313
269	0.4645996	0.0603027	0.0600586	0.0583496	0.0585938	0.0571289	0.0000000	0.0808106
270	0.3942871	0.0600586	0.0590820	0.0581055	0.0588379	0.0566406	0.0000000	0.0805664
271	0.5231934	0.0598145	0.0595703	0.0583496	0.0585938	0.0568848	0.0000000	0.0810547
272	0.3513184	0.0598145	0.0588379	0.0585938	0.0585938	0.0568848	0.0000000	0.0795899
273	0.5449219	0.0598145	0.0585938	0.0581055	0.0585938	0.0563965	0.0000000	0.0793457
274	0.3535157	0.0598145	0.0593262	0.0585938	0.0585938	0.0573731	0.0000000	0.0781250
275	0.5195313	0.0593262	0.0585938	0.0583496	0.0588379	0.0561523	0.0000000	0.0778809
276	0.3881836	0.0593262	0.0598145	0.0583496	0.0583496	0.0568848	0.0000000	0.0781250
277	0.4597168	0.0595703	0.0583496	0.0583496	0.0588379	0.0563965	0.0000000	0.0771484
278	0.4548340	0.0595703	0.0595703	0.0583496	0.0588379	0.0566406	0.0000000	0.0771484
279	0.3969727	0.0590820	0.0578613	0.0581055	0.0585938	0.0568848	0.0000000	0.0766602
280	0.5175782	0.0593262	0.0593262	0.0583496	0.0585938	0.0566406	0.0000000	0.0766602
281	0.3498535	0.0590820	0.0590820	0.0583496	0.0588379	0.0566406	0.0000000	0.0759277
282	0.5424805	0.0593262	0.0588379	0.0578613	0.0585938	0.0566406	0.0000000	0.0764160
283	0.3498535	0.0593262	0.0598145	0.0583496	0.0581055	0.0568848	0.0000000	0.0764160
284	0.5207520	0.0593262	0.0585938	0.0581055	0.0588379	0.0561523	0.0000000	0.0778809
285	0.3830567	0.0595703	0.0600586	0.0578613	0.0585938	0.0568848	0.0000000	0.0773926
286	0.4648438	0.0600586	0.0588379	0.0581055	0.0585938	0.0559082	0.0000000	0.0781250
287	0.4511719	0.0600586	0.0600586	0.0581055	0.0588379	0.0566406	0.0000000	0.0781250
288	0.4028321	0.0600586	0.0588379	0.0581055	0.0585938	0.0563965	0.0000000	0.0783691
289	0.5168458	0.0603027	0.0600586	0.0583496	0.0585938	0.0561523	0.0000000	0.0798340
290	0.3540039	0.0603027	0.0593262	0.0578613	0.0590820	0.0561523	0.0000000	0.0793457
291	0.5434571	0.0603027	0.0590820	0.0581055	0.0585938	0.0563965	0.0000000	0.0800781
292	0.3510742	0.0603027	0.0603027	0.0578613	0.0581055	0.0566406	0.0000000	0.0805664
293	0.5266114	0.0603027	0.0593262	0.0578613	0.0585938	0.0563965	0.0000000	0.0815430
294	0.3842774	0.0598145	0.0598145	0.0581055	0.0590820	0.0571289	0.0000000	0.0817871
295	0.4753418	0.0600586	0.0585938	0.0581055	0.0583496	0.0563965	0.0000000	0.0832520
296	0.4521485	0.0605469	0.0603027	0.0578613	0.0588379	0.0566406	0.0000000	0.0832520
297	0.4123535	0.0605469	0.0588379	0.0578613	0.0585938	0.0566406	0.0000000	0.0837402
298	0.5192872	0.0605469	0.0600586	0.0578613	0.0585938	0.0561523	0.0000000	0.0854492
299	0.3608399	0.0605469	0.0590820	0.0578613	0.0585938	0.0563965	0.0000000	0.0847168
300	0.5478516	0.0607910	0.0593262	0.0581055	0.0585938	0.0563965	0.0000000	0.0864258
301	0.3535157	0.0607910	0.0600586	0.0578613	0.0581055	0.0563965	0.0000000	0.0859375
302	0.5317383	0.0605469	0.0593262	0.0578613	0.0585938	0.0563965	0.0000000	0.0871582
303	0.3864746	0.0605469	0.0603027	0.0578613	0.0583496	0.0578613	0.0000000	0.0866699
304	0.4848633	0.0605469	0.0585938	0.0576172	0.0585938	0.0566406	0.0000000	0.0869141
305	0.4514160	0.0605469	0.0600586	0.0581055	0.0583496	0.0568848	0.0000000	0.0874024
306	0.4187012	0.0607910	0.0588379	0.0576172	0.0583496	0.0563965	0.0000000	0.0861816
307	0.5185547	0.0607910	0.0600586	0.0578613	0.0581055	0.0568848	0.0000000	0.0864258
308	0.3637696	0.0607910	0.0595703	0.0576172	0.0588379	0.0563965	0.0000000	0.0859375
309	0.5480958	0.0612793	0.0593262	0.0578613	0.0583496	0.0561523	0.0000000	0.0856934
310	0.3540039	0.0612793	0.0600586	0.0576172	0.0581055	0.0571289	0.0000000	0.0839844
311	0.5334473	0.0612793	0.0588379	0.0578613	0.0585938	0.0563965	0.0000000	0.0839844
312	0.3830567	0.0607910	0.0600586	0.0578613	0.0578613	0.0568848	0.0000000	0.0830078
313	0.4868164	0.0605469	0.0583496	0.0578613	0.0583496	0.0566406	0.0000000	0.0820313
314	0.4453125	0.0605469	0.0600586	0.0578613	0.0581055	0.0571289	0.0000000	0.0812988
315	0.4177246	0.0603027	0.0583496	0.0576172	0.0583496	0.0563965	0.0000000	0.0798340
316	0.5109864	0.0600586	0.0595703	0.0581055	0.0585938	0.0563965	0.0000000	0.0810547
317	0.3596192	0.0598145	0.0590820	0.0578613	0.0581055	0.0563965	0.0000000	0.0793457
318	0.5422364	0.0598145	0.0593262	0.0578613	0.0583496	0.0563965	0.0000000	0.0788574
319	0.3471680	0.0595703	0.0598145	0.0576172	0.0583496	0.0571289	0.0000000	0.0778809
320	0.5312501	0.0598145	0.0590820	0.0576172	0.0583496	0.0563965	0.0000000	0.0778809
321	0.3764649	0.0595703	0.0598145	0.0578613	0.0583496	0.0571289	0.0000000	0.0781250
322	0.4873047	0.0598145	0.0583496	0.0578613	0.0583496	0.0563965	0.0000000	0.0778809
323	0.4394532	0.0593262	0.0598145	0.0578613	0.0583496	0.0571289	0.0000000	0.0776367
324	0.4179688	0.0595703	0.0588379	0.0573731	0.0585938	0.0561523	0.0000000	0.0773926
325	0.5056153	0.0595703	0.0598145	0.0578613	0.0583496	0.0563965	0.0000000	0.0781250
326	0.3618164	0.0595703	0.0590820	0.0581055	0.0576172	0.0561523	0.0000000	0.0778809
327	0.5424805	0.0598145	0.0590820	0.0576172	0.0588379	0.0566406	0.0000000	0.0778809
328	0.3469239	0.0595703	0.0595703	0.0576172	0.0578613	0.0568848	0.0000000	0.0776367
329	0.5324708	0.0598145	0.0588379	0.0578613	0.0583496	0.0566406	0.0000000	0.0788574
330	0.3732910	0.0593262	0.0600586	0.0578613	0.0581055	0.0576172	0.0000000	0.0786133
331	0.4921875	0.0600586	0.0585938	0.0578613	0.0583496	0.0566406	0.0000000	0.0795899
332	0.4379883	0.0593262	0.0595703	0.0578613	0.0583496	0.0571289	0.0000000	0.0793457
333	0.4238282	0.0598145	0.0585938	0.0576172	0.0588379	0.0566406	0.0000000	0.0800781
334	0.5021973	0.0598145	0.0595703	0.0576172	0.0585938	0.0576172	0.0000000	0.0800781
335	0.3684082	0.0593262	0.0588379	0.0578613	0.0578613	0.0571289	0.0000000	0.0817871
336	0.5441895	0.0595703	0.0590820	0.0578613	0.0585938	0.0566406	0.0000000	0.0834961
337	0.3491211	0.0593262	0.0595703	0.0578613	0.0585938	0.0566406	0.0000000	0.0847168
338	0.5395508	0.0593262	0.0588379	0.0576172	0.0588379	0.0566406	0.0000000	0.0856934
339	0.3769532	0.0595703	0.0598145	0.0578613	0.0585938	0.0571289	0.0000000	0.0869141
340	0.5034180	0.0593262	0.0585938	0.0578613	0.0585938	0.0563965	0.0000000	0.0874024
341	0.4396973	0.0593262	0.0595703	0.0578613	0.0585938	0.0566406	0.0000000	0.0869141
342	0.4331055	0.0593262	0.0585938	0.0576172	0.0585938	0.0563965	0.0000000	0.0859375
343	0.5014649	0.0590820	0.0593262	0.0578613	0.0588379	0.0573731	0.0000000	0.0842285
344	0.3735352	0.0593262	0.0588379	0.0578613	0.0583496	0.0566406	0.0000000	0.0834961
345	0.5437012	0.0593262	0.0590820	0.0576172	0.0585938	0.0568848	0.0000000	0.0820313
346	0.3476563	0.0593262	0.0603027	0.0578613	0.0583496	0.0566406	0.0000000	0.0803223
347	0.5383301	0.0593262	0.0585938	0.0576172	0.0585938	0.0566406	0.0000000	0.0786133
348	0.3693848	0.0590820	0.0598145	0.0576172	0.0583496	0.0568848	0.0000000	0.0776367
349	0.5017090	0.0588379	0.0585938	0.0576172	0.0583496	0.0563965	0.0000000	0.0761719
350	0.4260254	0.0595703	0.0598145	0.0578613	0.0583496	0.0568848	0.0000000	0.0754395
351	0.4318848	0.0595703	0.0583496	0.0576172	0.0583496	0.0563965	0.0000000	0.0744629
352	0.4860840	0.0590820	0.0600586	0.0573731	0.0585938	0.0568848	0.0000000	0.0742188
353	0.3669434	0.0590820	0.0590820	0.0573731	0.0581055	0.0566406	0.0000000	0.0732422
354	0.5336915	0.0590820	0.0593262	0.0578613	0.0583496	0.0568848	0.0000000	0.0725098
355	0.3410645	0.0590820	0.0593262	0.0576172	0.0588379	0.0566406	0.0000000	0.0725098
356	0.5341797	0.0588379	0.0588379	0.0576172	0.0585938	0.0568848	0.0000000	0.0712891
357	0.3615723	0.0590820	0.0600586	0.0576172	0.0588379	0.0571289	0.0000000	0.0708008
358	0.4992676	0.0593262	0.0585938	0.0573731	0.0585938	0.0571289	0.0000000	0.0715332
359	0.4150391	0.0590820	0.0598145	0.0576172	0.0585938	0.0571289	0.0000000	0.0708008
360	0.4333496	0.0593262	0.0590820	0.0578613	0.0583496	0.0563965	0.0000000	0.0708008
361	0.4787598	0.0593262	0.0600586	0.0576172	0.0583496	0.0568848	0.0000000	0.0710449
362	0.3669434	0.0590820	0.0588379	0.0578613	0.0578613	0.0568848	0.0000000	0.0703125
363	0.5297852	0.0590820	0.0593262	0.0573731	0.0588379	0.0573731	0.0000000	0.0712891
364	0.3403321	0.0590820	0.0595703	0.0576172	0.0583496	0.0568848	0.0000000	0.0703125
365	0.5336915	0.0593262	0.0588379	0.0573731	0.0585938	0.0563965	0.0000000	0.0700684
366	0.3586426	0.0588379	0.0595703	0.0576172	0.0583496	0.0571289	0.0000000	0.0700684
367	0.5014649	0.0590820	0.0585938	0.0568848	0.0583496	0.0566406	0.0000000	0.0700684
368	0.4099121	0.0593262	0.0603027	0.0576172	0.0583496	0.0573731	0.0000000	0.0703125
369	0.4345703	0.0590820	0.0585938	0.0573731	0.0583496	0.0566406	0.0000000	0.0705566
370	0.4748535	0.0590820	0.0600586	0.0576172	0.0583496	0.0571289	0.0000000	0.0705566
371	0.3671875	0.0590820	0.0595703	0.0573731	0.0583496	0.0566406	0.0000000	0.0708008
372	0.5285645	0.0593262	0.0595703	0.0576172	0.0585938	0.0573731	0.0000000	0.0710449
373	0.3422852	0.0588379	0.0593262	0.0576172	0.0583496	0.0571289	0.0000000	0.0710449
374	0.5351563	0.0590820	0.0585938	0.0573731	0.0585938	0.0571289	0.0000000	0.0710449
375	0.3581543	0.0590820	0.0598145	0.0576172	0.0585938	0.0573731	0.0000000	0.0708008
376	0.5021973	0.0590820	0.0590820	0.0583496	0.0590820	0.0559082	0.0000000	0.0715332
377	0.4064942	0.0590820	0.0603027	0.0576172	0.0588379	0.0576172	0.0000000	0.0710449
378	0.4382325	0.0590820	0.0590820	0.0576172	0.0583496	0.0566406	0.0000000	0.0717774
379	0.4736328	0.0590820	0.0598145	0.0573731	0.0585938	0.0571289	0.0000000	0.0720215
380	0.3713379	0.0593262	0.0593262	0.0576172	0.0588379	0.0566406	0.0000000	0.0725098
381	0.5273438	0.0590820	0.0600586	0.0573731	0.0585938	0.0573731	0.0000000	0.0722656
382	0.3417969	0.0588379	0.0595703	0.0578613	0.0585938	0.0573731	0.0000000	0.0720215
383	0.5363770	0.0590820	0.0590820	0.0571289	0.0590820	0.0571289	0.0000000	0.0729981
384	0.3571778	0.0588379	0.0600586	0.0573731	0.0585938	0.0573731	0.0000000	0.0729981
385	0.5051270	0.0588379	0.0588379	0.0573731	0.0581055	0.0568848	0.0000000	0.0742188
386	0.4064942	0.0590820	0.0603027	0.0576172	0.0585938	0.0576172	0.0000000	0.0732422
387	0.4414063	0.0590820	0.0588379	0.0573731	0.0585938	0.0568848	0.0000000	0.0747070
388	0.4724121	0.0590820	0.0603027	0.0573731	0.0588379	0.0568848	0.0000000	0.0761719
389	0.3742676	0.0593262	0.0595703	0.0576172	0.0585938	0.0563965	0.0000000	0.0751953
390	0.5297852	0.0590820	0.0600586	0.0576172	0.0588379	0.0573731	0.0000000	0.0764160
391	0.3454590	0.0590820	0.0593262	0.0573731	0.0585938	0.0576172	0.0000000	0.0766602
392	0.5395508	0.0593262	0.0593262	0.0576172	0.0588379	0.0573731	0.0000000	0.0773926
393	0.3608399	0.0593262	0.0600586	0.0576172	0.0588379	0.0571289	0.0000000	0.0773926
394	0.5083008	0.0588379	0.0588379	0.0576172	0.0590820	0.0563965	0.0000000	0.0786133
395	0.4074707	0.0593262	0.0605469	0.0573731	0.0581055	0.0578613	0.0000000	0.0786133
396	0.4450684	0.0593262	0.0588379	0.0573731	0.0585938	0.0571289	0.0000000	0.0793457
397	0.4758301	0.0593262	0.0603027	0.0573731	0.0585938	0.0571289	0.0000000	0.0800781
398	0.3784180	0.0593262	0.0593262	0.0578613	0.0590820	0.0566406	0.0000000	0.0803223
399	0.5310059	0.0585938	0.0600586	0.0571289	0.0581055	0.0571289	0.0000000	0.0812988
400	0.3464356	0.0593262	0.0598145	0.0576172	0.0583496	0.0578613	0.0000000	0.0803223
401	0.5407715	0.0590820	0.0590820	0.0578613	0.0585938	0.0568848	0.0000000	0.0803223
402	0.3625489	0.0593262	0.0598145	0.0576172	0.0585938	0.0576172	0.0000000	0.0805664
403	0.5129395	0.0593262	0.0590820	0.0576172	0.0585938	0.0568848	0.0000000	0.0815430
404	0.4077149	0.0595703	0.0607910	0.0578613	0.0583496	0.0578613	0.0000000	0.0810547
405	0.4470215	0.0593262	0.0588379	0.0578613	0.0583496	0.0571289	0.0000000	0.0808106
406	0.4772950	0.0593262	0.0603027	0.0578613	0.0585938	0.0568848	0.0000000	0.0817871
407	0.3798828	0.0593262	0.0593262	0.0578613	0.0581055	0.0573731	0.0000000	0.0808106
408	0.5317383	0.0590820	0.0598145	0.0578613	0.0583496	0.0576172	0.0000000	0.0812988
409	0.3491211	0.0595703	0.0595703	0.0576172	0.0585938	0.0573731	0.0000000	0.0803223
410	0.5429688	0.0595703	0.0595703	0.0573731	0.0583496	0.0573731	0.0000000	0.0808106
411	0.3605957	0.0593262	0.0598145	0.0576172	0.0583496	0.0576172	0.0000000	0.0808106
412	0.5129395	0.0588379	0.0590820	0.0571289	0.0585938	0.0568848	0.0000000	0.0803223
413	0.4064942	0.0593262	0.0605469	0.0576172	0.0585938	0.0576172	0.0000000	0.0803223
414	0.4479981	0.0593262	0.0588379	0.0573731	0.0583496	0.0576172	0.0000000	0.0800781
415	0.4733887	0.0593262	0.0598145	0.0573731	0.0585938	0.0581055	0.0000000	0.0808106
416	0.3801270	0.0593262	0.0588379	0.0578613	0.0583496	0.0578613	0.0000000	0.0800781
417	0.5302735	0.0593262	0.0598145	0.0578613	0.0585938	0.0578613	0.0000000	0.0812988
418	0.3474121	0.0593262	0.0595703	0.0576172	0.0585938	0.0581055	0.0000000	0.0805664
419	0.5434571	0.0595703	0.0588379	0.0576172	0.0583496	0.0576172	0.0000000	0.0815430
420	0.3613282	0.0590820	0.0598145	0.0578613	0.0588379	0.0583496	0.0000000	0.0810547
421	0.5136719	0.0593262	0.0588379	0.0576172	0.0583496	0.0573731	0.0000000	0.0822754
422	0.4050293	0.0595703	0.0603027	0.0576172	0.0585938	0.0583496	0.0000000	0.0825195
423	0.4499512	0.0590820	0.0588379	0.0573731	0.0583496	0.0581055	0.0000000	0.0839844
424	0.4753418	0.0593262	0.0603027	0.0573731	0.0588379	0.0585938	0.0000000	0.0844727
425	0.3828125	0.0585938	0.0590820	0.0576172	0.0588379	0.0578613	0.0000000	0.0842285
426	0.5329590	0.0590820	0.0595703	0.0573731	0.0583496	0.0585938	0.0000000	0.0847168
427	0.3508301	0.0590820	0.0595703	0.0573731	0.0588379	0.0581055	0.0000000	0.0844727
428	0.5463868	0.0593262	0.0588379	0.0573731	0.0590820	0.0571289	0.0000000	0.0852051
429	0.3642578	0.0590820	0.0603027	0.0573731	0.0588379	0.0578613	0.0000000	0.0849609
430	0.5148926	0.0590820	0.0585938	0.0576172	0.0590820	0.0571289	0.0000000	0.0844727
431	0.4091797	0.0590820	0.0603027	0.0573731	0.0585938	0.0578613	0.0000000	0.0837402
432	0.4499512	0.0590820	0.0590820	0.0573731	0.0590820	0.0568848	0.0000000	0.0842285
433	0.4780274	0.0590820	0.0598145	0.0576172	0.0588379	0.0578613	0.0000000	0.0827637
434	0.3820801	0.0588379	0.0590820	0.0573731	0.0590820	0.0563965	0.0000000	0.0822754
435	0.5336915	0.0590820	0.0598145	0.0568848	0.0585938	0.0573731	0.0000000	0.0820313
436	0.3479004	0.0593262	0.0593262	0.0571289	0.0588379	0.0571289	0.0000000	0.0820313
437	0.5422364	0.0590820	0.0590820	0.0571289	0.0585938	0.0568848	0.0000000	0.0812988
438	0.3618164	0.0588379	0.0595703	0.0571289	0.0585938	0.0571289	0.0000000	0.0805664
439	0.5112305	0.0585938	0.0583496	0.0571289	0.0585938	0.0563965	0.0000000	0.0803223
440	0.4094239	0.0590820	0.0603027	0.0568848	0.0585938	0.0576172	0.0000000	0.0803223
441	0.4453125	0.0585938	0.0585938	0.0571289	0.0585938	0.0566406	0.0000000	0.0795899
442	0.4780274	0.0588379	0.0600586	0.0571289	0.0588379	0.0568848	0.0000000	0.0800781
443	0.3779297	0.0588379	0.0588379	0.0571289	0.0588379	0.0566406	0.0000000	0.0788574
444	0.5324708	0.0590820	0.0595703	0.0573731	0.0583496	0.0568848	0.0000000	0.0798340
445	0.3471680	0.0588379	0.0593262	0.0571289	0.0583496	0.0571289	0.0000000	0.0791016
446	0.5412598	0.0593262	0.0590820	0.0571289	0.0583496	0.0568848	0.0000000	0.0793457
447	0.3632813	0.0588379	0.0598145	0.0571289	0.0583496	0.0573731	0.0000000	0.0795899
448	0.5090333	0.0590820	0.0585938	0.0571289	0.0581055	0.0566406	0.0000000	0.0795899
449	0.4145508	0.0588379	0.0600586	0.0571289	0.0581055	0.0571289	0.0000000	0.0795899
450	0.4418946	0.0590820	0.0585938	0.0571289	0.0583496	0.0568848	0.0000000	0.0783691
451	0.4812012	0.0585938	0.0600586	0.0568848	0.0578613	0.0573731	0.0000000	0.0795899
452	0.3737793	0.0588379	0.0588379	0.0571289	0.0583496	0.0563965	0.0000000	0.0788574
453	0.5356446	0.0590820	0.0593262	0.0573731	0.0576172	0.0573731	0.0000000	0.0788574
454	0.3469239	0.0583496	0.0598145	0.0568848	0.0581055	0.0573731	0.0000000	0.0786133
455	0.5397950	0.0590820	0.0588379	0.0568848	0.0578613	0.0576172	0.0000000	0.0783691
456	0.3645020	0.0588379	0.0598145	0.0573731	0.0585938	0.0573731	0.0000000	0.0791016
457	0.5029297	0.0590820	0.0585938	0.0568848	0.0581055	0.0568848	0.0000000	0.0786133
458	0.4228516	0.0583496	0.0600586	0.0566406	0.0583496	0.0576172	0.0000000	0.0786133
459	0.4348145	0.0588379	0.0588379	0.0568848	0.0583496	0.0571289	0.0000000	0.0786133
460	0.4892578	0.0590820	0.0600586	0.0571289	0.0578613	0.0571289	0.0000000	0.0786133
461	0.3698731	0.0588379	0.0590820	0.0568848	0.0583496	0.0568848	0.0000000	0.0786133
462	0.5363770	0.0590820	0.0595703	0.0571289	0.0581055	0.0573731	0.0000000	0.0783691
463	0.3461914	0.0588379	0.0595703	0.0571289	0.0581055	0.0576172	0.0000000	0.0778809
464	0.5368653	0.0588379	0.0588379	0.0566406	0.0585938	0.0571289	0.0000000	0.0783691
465	0.3686524	0.0588379	0.0600586	0.0568848	0.0583496	0.0578613	0.0000000	0.0776367
466	0.4990235	0.0588379	0.0585938	0.0571289	0.0578613	0.0573731	0.0000000	0.0786133
467	0.4309082	0.0588379	0.0603027	0.0573731	0.0585938	0.0578613	0.0000000	0.0781250
468	0.4277344	0.0593262	0.0585938	0.0566406	0.0583496	0.0573731	0.0000000	0.0778809
469	0.4975586	0.0588379	0.0598145	0.0571289	0.0581055	0.0576172	0.0000000	0.0788574
470	0.3657227	0.0583496	0.0593262	0.0571289	0.0576172	0.0571289	0.0000000	0.0781250
471	0.5388184	0.0585938	0.0593262	0.0568848	0.0581055	0.0573731	0.0000000	0.0788574
472	0.3447266	0.0588379	0.0598145	0.0566406	0.0581055	0.0576172	0.0000000	0.0771484
473	0.5327149	0.0588379	0.0583496	0.0571289	0.0583496	0.0573731	0.0000000	0.0783691
474	0.3737793	0.0585938	0.0605469	0.0571289	0.0578613	0.0583496	0.0000000	0.0778809
475	0.4912110	0.0590820	0.0583496	0.0568848	0.0585938	0.0573731	0.0000000	0.0773926
476	0.4384766	0.0585938	0.0600586	0.0571289	0.0585938	0.0578613	0.0000000	0.0783691
477	0.4187012	0.0588379	0.0585938	0.0568848	0.0585938	0.0576172	0.0000000	0.0771484
478	0.5073243	0.0585938	0.0595703	0.0576172	0.0585938	0.0576172	0.0000000	0.0783691
479	0.3586426	0.0588379	0.0588379	0.0571289	0.0590820	0.0581055	0.0000000	0.0776367
480	0.5422364	0.0585938	0.0595703	0.0571289	0.0595703	0.0576172	0.0000000	0.0781250
481	0.3486328	0.0583496	0.0595703	0.0571289	0.0600586	0.0578613	0.0000000	0.0781250
482	0.5273438	0.0595703	0.0588379	0.0571289	0.0603027	0.0573731	0.0000000	0.0776367
483	0.3786621	0.0585938	0.0598145	0.0571289	0.0605469	0.0578613	0.0000000	0.0781250
484	0.4775391	0.0583496	0.0585938	0.0571289	0.0610352	0.0573731	0.0000000	0.0783691
485	0.4465332	0.0585938	0.0600586	0.0576172	0.0615234	0.0573731	0.0000000	0.0778809
486	0.4091797	0.0590820	0.0588379	0.0573731	0.0617676	0.0571289	0.0000000	0.0786133
487	0.5144044	0.0588379	0.0595703	0.0568848	0.0615234	0.0576172	0.0000000	0.0786133
488	0.3525391	0.0590820	0.0593262	0.0568848	0.0615234	0.0576172	0.0000000	0.0783691
489	0.5415040	0.0588379	0.0590820	0.0571289	0.0622559	0.0576172	0.0000000	0.0788574
490	0.3488770	0.0585938	0.0600586	0.0573731	0.0615234	0.0578613	0.0000000	0.0786133
491	0.5212403	0.0588379	0.0588379	0.0571289	0.0622559	0.0568848	0.0000000	0.0786133
492	0.3867188	0.0583496	0.0605469	0.0571289	0.0620117	0.0583496	0.0000000	0.0786133
493	0.4626465	0.0590820	0.0585938	0.0568848	0.0620117	0.0573731	0.0000000	0.0791016
494	0.4567871	0.0590820	0.0605469	0.0571289	0.0615234	0.0571289	0.0000000	0.0791016
495	0.3955078	0.0588379	0.0593262	0.0571289	0.0615234	0.0573731	0.0000000	0.0783691
496	0.5214844	0.0588379	0.0607910	0.0571289	0.0615234	0.0578613	0.0000000	0.0791016
497	0.3500977	0.0593262	0.0603027	0.0573731	0.0610352	0.0573731	0.0000000	0.0788574
498	0.5429688	0.0590820	0.0600586	0.0571289	0.0603027	0.0566406	0.0000000	0.0795899
499	0.3547364	0.0588379	0.0612793	0.0573731	0.0603027	0.0576172	0.0000000	0.0793457
500	0.5156251	0.0593262	0.0605469	0.0571289	0.0603027	0.0568848	0.0000000	0.0795899
501	0.3974610	0.0588379	0.0617676	0.0576172	0.0600586	0.0576172	0.0000000	0.0798340
502	0.4509278	0.0590820	0.0603027	0.0568848	0.0603027	0.0571289	0.0000000	0.0798340
503	0.4711914	0.0588379	0.0612793	0.0573731	0.0595703	0.0573731	0.0000000	0.0803223
504	0.3828125	0.0588379	0.0607910	0.0568848	0.0593262	0.0571289	0.0000000	0.0800781
505	0.5297852	0.0590820	0.0612793	0.0571289	0.0595703	0.0571289	0.0000000	0.0800781
506	0.3476563	0.0588379	0.0610352	0.0573731	0.0593262	0.0578613	0.0000000	0.0798340
507	0.5422364	0.0588379	0.0605469	0.0571289	0.0590820	0.0571289	0.0000000	0.0808106
508	0.3627930	0.0590820	0.0610352	0.0571289	0.0590820	0.0573731	0.0000000	0.0800781
509	0.5104981	0.0588379	0.0600586	0.0578613	0.0588379	0.0566406	0.0000000	0.0803223
510	0.4143067	0.0588379	0.0617676	0.0583496	0.0585938	0.0571289	0.0000000	0.0810547
511	0.4428711	0.0593262	0.0598145	0.0585938	0.0583496	0.0568848	0.0000000	0.0798340
