0.000000	1.3242297550e+00
0.008887	1.6882224742e+00
0.017773	1.3767939743e+00
0.026660	1.3393906679e+00
0.035547	1.2421175414e+00
0.044434	1.4199332083e+00
0.053320	1.0497854487e+00
0.062207	1.4195840384e+00
0.071094	1.2716827115e+00
0.079980	1.2222776517e+00
0.088867	1.1349934055e+00
0.097754	1.2242696731e+00
0.106641	7.5436235611e-01
0.115527	9.0038167046e-01
0.124414	1.0429337637e+00
0.133301	8.9923339941e-01
0.142187	8.9337626962e-01
0.151074	1.1329753884e+00
0.159961	9.2211213518e-01
0.168848	7.4722401063e-01
0.177734	6.8114557800e-01
0.186621	5.9643598095e-01
0.195508	3.1598509600e-01
0.204395	3.7202401097e-01
0.213281	3.3248682616e-01
0.222168	3.3662630646e-01
0.231055	2.9441716337e-01
0.239941	3.1273954406e-01
0.248828	2.9248748028e-01
0.257715	2.5621419000e-01
0.266602	1.8378985482e-01
0.275488	1.9089381359e-01
0.284375	1.5310275367e-01
0.293262	1.3235127027e-01
0.302148	1.5563929161e-01
0.311035	1.6811128176e-01
0.319922	1.7863627206e-01
0.328809	1.6226895213e-01
0.337695	1.6767453351e-01
0.346582	1.4377333195e-01
0.355469	1.4850879732e-01
0.364355	1.8640002342e-01
0.373242	1.4984152383e-01
0.382129	1.4862443138e-01
0.391016	1.4538820833e-01
0.399902	1.3380367695e-01
0.408789	8.5413826055e-02
0.417676	9.4781898815e-02
0.426563	8.3171881775e-02
0.435449	1.1345708915e-01
0.444336	1.3353090924e-01
0.453223	1.3967147994e-01
0.462109	1.4605623846e-01
0.470996	1.4351441257e-01
0.479883	1.2496423978e-01
0.488770	8.6202602125e-02
0.497656	9.1645076508e-02
0.506543	8.5793549456e-02
0.515430	9.3451212856e-02
0.524316	9.1836383172e-02
0.533203	9.6035332618e-02
0.542090	8.3090584822e-02
0.550977	1.0208065563e-01
0.559863	9.2680791311e-02
0.568750	8.0281290500e-02
0.577637	7.5227275293e-02
0.586523	8.6785869143e-02
0.595410	5.9937351544e-02
0.604297	6.1803498772e-02
0.613184	7.1844172185e-02
0.622070	8.1933675225e-02
0.630957	6.1053374295e-02
0.639844	6.0638239182e-02
0.648730	5.7675474226e-02
0.657617	4.6096933152e-02
0.666504	4.1549493105e-02
0.675391	4.4844540501e-02
0.684277	4.9240139212e-02
0.693164	4.5661827561e-02
0.702051	4.2875653048e-02
0.710938	3.5112729948e-02
0.719824	3.1731185774e-02
0.728711	3.3290614563e-02
0.737598	2.8607051808e-02
0.746484	2.9927438279e-02
0.755371	3.2052900503e-02
0.764258	2.9389955223e-02
0.773145	2.1103164712e-02
0.782031	2.0055451998e-02
0.790918	1.7436751793e-02
0.799805	1.6045912269e-02
0.808691	1.5352766817e-02
0.817578	1.4792775784e-02
0.826465	1.3071984062e-02
0.835352	1.2816321688e-02
0.844238	1.1405299473e-02
0.853125	1.0060663327e-02
0.862012	8.9397135506e-03
0.870898	8.4435822470e-03
0.879785	6.1332090576e-03
0.888672	5.6705855360e-03
0.897559	5.5787086904e-03
0.906445	5.8220230818e-03
0.915332	5.4668999806e-03
0.924219	8.6441834453e-03
0.933105	9.0900773190e-03
0.941992	9.8681170912e-03
0.950879	9.1055883762e-03
0.959766	9.5474285270e-03
0.968652	6.2297188955e-03
0.977539	5.0237159313e-03
0.986426	6.6668715971e-03
0.995313	8.3916039297e-03
1.004199	7.3018657184e-03
1.013086	8.9245962590e-03
1.021973	1.0900132923e-02
1.030859	8.4463380924e-03
1.039746	8.3644065137e-03
1.048633	7.8228284777e-03
1.057520	6.6209268888e-03
1.066406	4.2371466599e-03
1.075293	5.5407949223e-03
1.084180	3.4064366646e-03
1.093066	4.0813346989e-03
1.101953	4.4328827748e-03
1.110840	5.8842985836e-03
1.119727	5.0428525100e-03
1.128613	5.2636950044e-03
1.137500	4.7281818844e-03
1.146387	3.6016629096e-03
1.155273	5.0987804012e-03
1.164160	4.8218342821e-03
1.173047	4.8486254046e-03
1.181934	5.8257579266e-03
1.190820	7.1424645092e-03
1.199707	5.5406370024e-03
1.208594	5.6729717192e-03
1.217480	6.6969854849e-03
1.226367	5.3990264776e-03
1.235254	4.9213235048e-03
1.244141	3.9217175725e-03
1.253027	3.5333009147e-03
1.261914	2.4427195728e-03
1.270801	2.9097102225e-03
1.279688	2.6178094896e-03
1.288574	2.1975985112e-03
1.297461	1.9889108306e-03
1.306348	1.6063492691e-03
1.315234	1.5141486218e-03
1.324121	1.1358679955e-03
1.333008	1.8773842292e-03
1.341895	1.7215646956e-03
1.350781	1.8852906009e-03
1.359668	1.6881266691e-03
1.368555	1.5562480083e-03
1.377441	7.7284019134e-04
1.386328	1.1303469365e-03
1.395215	1.5938441633e-03
1.404102	1.3493693202e-03
1.412988	1.2980937414e-03
1.421875	1.4854739835e-03
1.430762	1.5145333403e-03
1.439648	1.0708745776e-03
1.448535	1.4132981965e-03
1.457422	1.4835091559e-03
1.466309	1.5392931775e-03
1.475195	1.1796257841e-03
1.484082	1.3702302451e-03
1.492969	1.1921312623e-03
1.501855	1.2433825247e-03
1.510742	9.9381164925e-04
1.519629	1.0657416031e-03
1.528516	9.8358672827e-04
1.537402	8.5533911276e-04
1.546289	9.0371370386e-04
1.555176	1.0862120765e-03
1.564063	1.2307785714e-03
1.572949	9.9644143798e-04
1.581836	1.2218003718e-03
1.590723	1.1664707202e-03
1.599609	1.2127038129e-03
1.608496	1.1416626310e-03
1.617383	1.0882747904e-03
1.626270	8.9179554468e-04
1.635156	8.2959018237e-04
1.644043	6.7495770666e-04
1.652930	6.7334443543e-04
1.661816	1.0854703811e-03
1.670703	1.0677724531e-03
1.679590	1.5257428786e-03
1.688477	1.4574493315e-03
1.697363	1.7716742228e-03
1.706250	1.4507873316e-03
1.715137	1.5493468793e-03
1.724023	1.0216033776e-03
1.732910	1.2344031173e-03
1.741797	7.8506590887e-04
1.750684	9.9213457228e-04
1.759570	9.0206522359e-04
1.768457	9.5147274729e-04
1.777344	8.2353711216e-04
1.786230	7.2221525413e-04
1.795117	9.2743446009e-04
1.804004	1.0310202813e-03
1.812891	1.1049971491e-03
1.821777	1.0984685214e-03
1.830664	1.3187644402e-03
1.839551	9.6200761234e-04
1.848437	1.0054151470e-03
1.857324	1.1306212619e-03
1.866211	1.2088362314e-03
1.875098	1.2623822917e-03
1.883984	1.6096526340e-03
1.892871	1.9210566791e-03
1.901758	2.2428873915e-03
1.910645	2.1155197738e-03
1.919531	2.0785204180e-03
1.928418	1.7879295900e-03
1.937305	1.4433747823e-03
1.946191	9.5973033496e-04
1.955078	1.2271003859e-03
1.963965	1.7836935945e-03
1.972852	1.6136599344e-03
1.981738	1.5009280495e-03
1.990625	1.4968422308e-03
1.999512	1.2574433284e-03
2.008398	5.4166438816e-04
2.017285	7.0957921400e-04
2.026172	7.8332951199e-04
2.035059	1.1040643885e-03
2.043945	1.2864052475e-03
2.052832	1.1843939888e-03
2.061719	1.0014449829e-03
2.070605	1.0909676462e-03
2.079492	8.4490611815e-04
2.088379	6.1293811699e-04
2.097266	7.4383176262e-04
2.106152	7.2554176065e-04
2.115039	6.3724804803e-04
2.123926	6.2080912377e-04
2.132812	6.5614451738e-04
2.141699	6.1637047547e-04
2.150586	8.5566803648e-04
2.159473	7.1222884535e-04
2.168359	6.2071446450e-04
2.177246	1.0423020874e-03
2.186133	1.0603687069e-03
2.195020	1.1412350169e-03
2.203906	1.9430505155e-03
2.212793	2.3672002790e-03
2.221680	2.0848087975e-03
2.230566	2.0178834831e-03
2.239453	1.8095239636e-03
2.248340	1.0964439025e-03
2.257227	9.7410005987e-04
2.266113	7.6525088709e-04
2.275000	7.8074623454e-04
2.283887	8.9660808121e-04
2.292773	8.7868891438e-04
2.301660	7.9444641818e-04
2.310547	1.1375222276e-03
2.319434	1.7824595927e-03
2.328320	1.7412773396e-03
2.337207	2.2232173415e-03
2.346094	2.4254530977e-03
2.354980	2.4309565099e-03
2.363867	1.9514195699e-03
2.372754	2.0045207524e-03
2.381641	1.6858727400e-03
2.390527	1.3973582010e-03
2.399414	1.0958505547e-03
2.408301	9.1763848398e-04
2.417187	8.3102044043e-04
2.426074	1.1207794717e-03
2.434961	9.8363922677e-04
2.443848	1.0064374965e-03
2.452734	1.0233228478e-03
2.461621	9.3244771789e-04
2.470508	7.1791300267e-04
2.479395	9.4623126433e-04
2.488281	9.4271447843e-04
2.497168	1.0266132989e-03
2.506055	1.1782937192e-03
2.514941	8.9902435532e-04
2.523828	8.4401514185e-04
2.532715	1.1753239915e-03
2.541602	1.1311638189e-03
2.550488	1.1195609400e-03
2.559375	1.5055617767e-03
2.568262	1.4184849392e-03
2.577148	1.1020532301e-03
2.586035	1.3192037568e-03
2.594922	1.1382211852e-03
2.603809	8.2232169997e-04
2.612695	1.0380433021e-03
2.621582	1.0181324447e-03
2.630469	7.3455065033e-04
2.639355	7.8111628952e-04
2.648242	9.1609374839e-04
2.657129	5.9577740718e-04
2.666016	9.3702453262e-04
2.674902	9.9620886972e-04
2.683789	1.4286673141e-03
2.692676	1.2516804739e-03
2.701563	1.3855306984e-03
2.710449	9.7745224265e-04
2.719336	1.0347164444e-03
2.728223	7.3569642760e-04
2.737109	7.1427731507e-04
2.745996	5.8767515261e-04
2.754883	5.6711134660e-04
2.763770	5.5491531018e-04
2.772656	5.0431293274e-04
2.781543	7.3995022826e-04
2.790430	1.2486279761e-03
2.799316	2.1270190969e-03
2.808203	2.0927995262e-03
2.817090	2.1681131174e-03
2.825977	1.9073955788e-03
2.834863	1.5914006969e-03
2.843750	9.7450788728e-04
2.852637	1.1050860157e-03
2.861523	9.2140699831e-04
2.870410	1.1803662218e-03
2.879297	1.1775996697e-03
2.888184	1.0541752870e-03
2.897070	9.7832268572e-04
2.905957	1.0878097974e-03
2.914844	9.6412503052e-04
2.923730	9.8864419828e-04
2.932617	1.3004984629e-03
2.941504	1.2643624796e-03
2.950391	1.1908267778e-03
2.959277	1.1849367597e-03
2.968164	1.0426336448e-03
2.977051	8.0887577894e-04
2.985937	7.3310489684e-04
2.994824	8.2336500903e-04
3.003711	6.7980233271e-04
3.012598	8.4425255695e-04
3.021484	6.9819178660e-04
3.030371	7.1579349695e-04
3.039258	7.2822793448e-04
3.048145	9.6319721625e-04
3.057031	9.6098661742e-04
3.065918	1.0285503965e-03
3.074805	1.1991125323e-03
3.083691	1.4191483689e-03
3.092578	1.2057280487e-03
3.101465	1.0760522046e-03
3.110352	1.1251782818e-03
3.119238	1.2785121521e-03
3.128125	1.1018991964e-03
3.137012	1.6039724639e-03
3.145898	1.5202770523e-03
3.154785	1.3675886646e-03
3.163672	1.2437174584e-03
3.172559	1.0198775302e-03
3.181445	4.9473849950e-04
3.190332	5.1714322944e-04
3.199219	7.6731666698e-04
3.208105	7.8570686590e-04
3.216992	8.0935951882e-04
3.225879	8.1808242837e-04
3.234766	1.0516608051e-03
3.243652	1.1426000261e-03
3.252539	9.4039887726e-04
3.261426	1.3050237146e-03
3.270313	1.3380956893e-03
3.279199	1.1311592789e-03
3.288086	9.6186651208e-04
3.296973	9.5087764909e-04
3.305859	9.3606263577e-04
3.314746	9.4625969503e-04
3.323633	8.8165784724e-04
3.332520	8.8999195625e-04
3.341406	1.1436773986e-03
3.350293	1.1611032025e-03
3.359180	1.2521876268e-03
3.368066	1.5754937264e-03
3.376953	1.4114048024e-03
3.385840	1.1433449481e-03
3.394727	9.4268768776e-04
3.403613	9.3560774693e-04
3.412500	8.8340426075e-04
3.421387	1.2011628061e-03
3.430273	1.4372876561e-03
3.439160	1.4799001983e-03
3.448047	1.6320068919e-03
3.456934	1.3030441161e-03
3.465820	1.1349930016e-03
3.474707	1.0545522295e-03
3.483594	1.0742672728e-03
3.492480	8.7057370469e-04
3.501367	9.3849659557e-04
3.510254	1.0511442175e-03
3.519141	1.3122706520e-03
3.528027	1.2062533003e-03
3.536914	1.1238688090e-03
3.545801	1.1591380317e-03
3.554688	1.0500758309e-03
3.563574	7.9362127730e-04
3.572461	1.0541256745e-03
3.581348	1.1736771336e-03
3.590234	1.1928250896e-03
3.599121	1.0432364786e-03
3.608008	1.2399778165e-03
3.616895	1.2480840227e-03
3.625781	1.5167080080e-03
3.634668	1.5966202168e-03
3.643555	1.8926615506e-03
3.652441	1.5089039429e-03
3.661328	1.2292648155e-03
3.670215	1.1282952286e-03
3.679102	1.1196560345e-03
3.687988	8.2113802630e-04
3.696875	8.4212274053e-04
3.705762	8.2164519091e-04
3.714648	7.2502132706e-04
3.723535	5.8970675087e-04
3.732422	5.9660128455e-04
3.741309	6.9357538317e-04
3.750195	6.2439807564e-04
3.759082	5.3476317671e-04
3.767969	5.8833962225e-04
3.776855	7.3518166302e-04
3.785742	6.3085509441e-04
3.794629	9.3506079971e-04
3.803516	1.0527317747e-03
3.812402	1.0385177472e-03
3.821289	8.7321924010e-04
3.830176	8.9480135853e-04
3.839063	6.9248216380e-04
3.847949	5.4920968264e-04
3.856836	4.9726106443e-04
3.865723	6.7767860425e-04
3.874609	7.2846714043e-04
3.883496	8.1409306315e-04
3.892383	9.0136431584e-04
3.901270	1.2488090078e-03
3.910156	1.1797012713e-03
3.919043	1.2733841983e-03
3.927930	1.1748382614e-03
3.936816	1.0773498123e-03
3.945703	8.5424672871e-04
3.954590	8.5398860163e-04
3.963477	7.5068299452e-04
3.972363	1.4324572776e-03
3.981250	1.6512412864e-03
3.990137	3.0139925599e-03
3.999023	3.6272369587e-03
4.007910	1.6782020293e-02
4.016797	1.9108596684e-02
4.025684	1.9247289487e-02
4.034570	1.7957474095e-02
4.043457	1.8106475578e-02
4.052344	5.3388522900e-03
4.061230	2.5106794499e-03
4.070117	2.2183773146e-03
4.079004	2.2956408439e-03
4.087891	1.6434212817e-03
4.096777	1.3132270978e-03
4.105664	1.0954711311e-03
4.114551	1.5585728596e-03
4.123437	1.3686432591e-03
4.132324	1.3123609354e-03
4.141211	1.3592291653e-03
4.150098	1.3465166239e-03
4.158984	1.3819912232e-03
4.167871	1.6073688579e-03
4.176758	1.5697882902e-03
4.185645	1.4668496623e-03
4.194531	1.4499721445e-03
4.203418	1.4912435130e-03
4.212305	1.6247436563e-03
4.221191	1.8059888061e-03
4.230078	2.3399549004e-03
4.238965	3.6782241557e-03
4.247852	3.2432681116e-03
4.256738	2.8336804666e-03
4.265625	2.6834252530e-03
4.274512	2.1816778473e-03
4.283398	9.2515351245e-04
4.292285	8.9815360016e-04
4.301172	1.0275705608e-03
4.310059	1.2421244849e-03
4.318945	1.5868950323e-03
4.327832	1.4707388091e-03
4.336719	1.3397385716e-03
4.345605	1.3345527901e-03
4.354492	1.1158033023e-03
4.363379	7.9055127420e-04
4.372266	1.1329018308e-03
4.381152	1.3144014519e-03
4.390039	1.1521019125e-03
4.398926	1.0157963680e-03
4.407813	1.2170489297e-03
4.416699	1.0798761050e-03
4.425586	9.7963354305e-04
4.434473	1.4312865371e-03
4.443359	1.3983173428e-03
4.452246	1.2994069272e-03
4.461133	1.2370390952e-03
4.470020	1.4890026395e-03
4.478906	1.2960693443e-03
4.487793	1.4998955317e-03
4.496680	1.4613842091e-03
4.505566	1.2683662936e-03
4.514453	8.8132233943e-04
4.523340	5.5315369083e-04
4.532227	3.1351864013e-04
