0.000000	8.9029761405e-02
0.008887	8.3407348096e-02
0.017773	3.1432486680e-02
0.026660	3.0831149562e-02
0.035547	2.1904191166e-02
0.044434	2.0029186226e-02
0.053320	1.7817830885e-02
0.062207	1.0084126398e-02
0.071094	1.1947378464e-02
0.079980	1.2604215954e-02
0.088867	1.4877921765e-02
0.097754	1.4179282028e-02
0.106641	1.2861994080e-02
0.115527	9.5099671151e-03
0.124414	7.1708393350e-03
0.133301	3.9898991009e-03
0.142187	2.7319177985e-03
0.151074	2.7842503451e-03
0.159961	2.3668202471e-03
0.168848	2.3680056637e-03
0.177734	2.2228977580e-03
0.186621	2.1106170968e-03
0.195508	2.0693485632e-03
0.204395	2.0061742267e-03
0.213281	1.7583255995e-03
0.222168	1.8574527086e-03
0.231055	1.6717003702e-03
0.239941	1.8393298054e-03
0.248828	2.1289334379e-03
0.257715	2.0075829678e-03
0.266602	1.8567886079e-03
0.275488	1.7433464148e-03
0.284375	1.4149479609e-03
0.293262	9.3765670052e-04
0.302148	8.2086963290e-04
0.311035	9.1905229475e-04
0.319922	8.5991313450e-04
0.328809	8.9237613378e-04
0.337695	9.2676234488e-04
0.346582	1.1034698894e-03
0.355469	1.0272160359e-03
0.364355	1.0989936454e-03
0.373242	1.1628061676e-03
0.382129	1.1630302262e-03
0.391016	9.5378094294e-04
0.399902	6.8696898245e-04
0.408789	7.2651056301e-04
0.417676	6.4441841006e-04
0.426563	1.2180148524e-03
0.435449	1.4297134343e-03
0.444336	1.7402044239e-03
0.453223	1.7677960045e-03
0.462109	1.8600086521e-03
0.470996	1.2962479751e-03
0.479883	1.1752816607e-03
0.488770	1.0818788305e-03
0.497656	1.1327673083e-03
0.506543	9.6023141657e-04
0.515430	1.0667353116e-03
0.524316	1.2017253422e-03
0.533203	1.1426028181e-03
0.542090	1.0850421600e-03
0.550977	1.1014606560e-03
0.559863	9.0672678485e-04
0.568750	9.8023315172e-04
0.577637	9.2460417781e-04
0.586523	1.1178880215e-03
0.595410	1.1727760544e-03
0.604297	1.1618992611e-03
0.613184	9.7977723215e-04
0.622070	9.5550973397e-04
0.630957	7.0203123023e-04
0.639844	7.6620282276e-04
0.648730	7.6705101866e-04
0.657617	7.6229430962e-04
0.666504	7.5164836812e-04
0.675391	7.0354803157e-04
0.684277	6.7491032265e-04
0.693164	9.3615059670e-04
0.702051	9.3392116559e-04
0.710938	1.0941671394e-03
0.719824	1.2527641721e-03
0.728711	1.3146748093e-03
0.737598	1.0738708583e-03
0.746484	9.2140802676e-04
0.755371	9.4405468134e-04
0.764258	9.5935368817e-04
0.773145	1.3421472497e-03
0.782031	1.4211373788e-03
0.790918	1.5834956084e-03
0.799805	1.9079905918e-03
0.808691	2.2382955769e-03
0.817578	1.8575303652e-03
0.826465	1.8316739223e-03
0.835352	1.7716150663e-03
0.844238	1.2739998362e-03
0.853125	7.5405015908e-04
0.862012	7.3002456655e-04
0.870898	7.1869636315e-04
0.879785	8.7050171105e-04
0.888672	7.9783493809e-04
0.897559	8.8632555903e-04
0.906445	7.9100748544e-04
0.915332	6.8437464481e-04
0.924219	5.1083724820e-04
0.933105	6.2230607607e-04
0.941992	4.9786612758e-04
0.950879	6.0809534244e-04
0.959766	6.0668754478e-04
0.968652	7.1370151970e-04
0.977539	7.4528717532e-04
0.986426	7.9447764928e-04
0.995313	7.3503936377e-04
1.004199	6.6546179252e-04
1.013086	4.5616149338e-04
1.021973	3.0299470819e-04
1.030859	8.1500579030e-04
1.039746	7.4431703862e-04
1.048633	1.0281192092e-03
1.057520	1.4884830876e-03
1.066406	1.4843159322e-03
1.075293	1.0102078388e-03
1.084180	1.0228686986e-03
1.093066	1.0345875585e-03
1.101953	6.4038844605e-04
1.110840	7.8120537215e-04
1.119727	1.1218331033e-03
1.128613	1.2236289517e-03
1.137500	1.1309155134e-03
1.146387	1.2894056728e-03
1.155273	1.1788265550e-03
1.164160	1.0692786502e-03
1.173047	9.3809176923e-04
1.181934	7.4500781539e-04
1.190820	5.3906165320e-04
1.199707	7.4249604427e-04
1.208594	6.3456417791e-04
1.217480	6.3490411825e-04
1.226367	7.0055231043e-04
1.235254	7.8875066464e-04
1.244141	6.5021301002e-04
1.253027	6.1722537292e-04
1.261914	8.4816864461e-04
1.270801	7.9467602572e-04
1.279688	7.3462000640e-04
1.288574	7.0788874729e-04
1.297461	8.2257639357e-04
1.306348	5.8020697510e-04
1.315234	6.4341872006e-04
1.324121	8.3970170043e-04
1.333008	1.0410220608e-03
1.341895	9.3958690510e-04
1.350781	1.0913037996e-03
1.359668	1.7134149603e-03
1.368555	1.5608646175e-03
1.377441	1.5302446078e-03
1.386328	1.7299685529e-03
1.395215	1.5847387668e-03
1.404102	1.0153036757e-03
1.412988	9.6349781581e-04
1.421875	1.5695934322e-03
1.430762	1.2534266611e-03
1.439648	1.3747034525e-03
1.448535	1.2684523416e-03
1.457422	1.3079646112e-03
1.466309	4.8097373058e-04
1.475195	6.2484143329e-04
1.484082	5.1312539317e-04
1.492969	6.2865402374e-04
1.501855	6.7938627636e-04
1.510742	8.8626217871e-04
1.519629	9.0734451521e-04
1.528516	1.0862498935e-03
1.537402	1.2067052592e-03
1.546289	1.1401375029e-03
1.555176	9.2258788693e-04
1.564063	7.3939538351e-04
1.572949	6.3378947219e-04
1.581836	5.8407137276e-04
1.590723	7.5266692435e-04
1.599609	8.9687045497e-04
1.608496	8.8657860953e-04
1.617383	8.6819794777e-04
1.626270	7.5206025175e-04
1.635156	5.7137441984e-04
1.644043	5.8803839914e-04
1.652930	5.9766886252e-04
1.661816	6.0523049093e-04
1.670703	5.8922699306e-04
1.679590	6.7806113139e-04
1.688477	6.2758782445e-04
1.697363	8.2805900806e-04
1.706250	8.9350937822e-04
1.715137	1.1322928988e-03
1.724023	1.0071038112e-03
1.732910	1.1543589299e-03
1.741797	9.3394437212e-04
1.750684	1.0015442491e-03
1.759570	8.9106403545e-04
1.768457	8.6797032745e-04
1.777344	8.0472713598e-04
1.786230	8.6191784998e-04
1.795117	8.5313860426e-04
1.804004	6.9633022436e-04
1.812891	7.3049838116e-04
1.821777	7.4254512534e-04
1.830664	7.5662173478e-04
1.839551	8.1561803615e-04
1.848437	1.0303791178e-03
1.857324	9.9157952049e-04
1.866211	8.4102084678e-04
1.875098	1.0805204980e-03
1.883984	9.6873902888e-04
1.892871	7.3069300290e-04
1.901758	7.2114664803e-04
1.910645	6.6712915193e-04
1.919531	6.0409861952e-04
1.928418	5.5692889601e-04
1.937305	6.5961554884e-04
1.946191	8.9214460964e-04
1.955078	1.2719616122e-03
1.963965	1.0817473525e-03
1.972852	9.9525912305e-04
1.981738	1.1593397864e-03
1.990625	9.9327022323e-04
1.999512	8.4589595086e-04
2.008398	8.6862792592e-04
2.017285	1.4234166142e-03
2.026172	1.5211738531e-03
2.035059	1.9902922348e-03
2.043945	2.0080761477e-03
2.052832	1.9439127153e-03
2.061719	1.4735427788e-03
2.070605	1.6643485872e-03
2.079492	1.1841983195e-03
2.088379	1.0051362931e-03
2.097266	1.0848448473e-03
2.106152	1.0579920744e-03
2.115039	7.3648011347e-04
2.123926	7.7386059176e-04
2.132812	8.3177864955e-04
2.141699	7.5209870987e-04
2.150586	7.5811190087e-04
2.159473	7.7191176970e-04
2.168359	8.0641455491e-04
2.177246	7.4045252487e-04
2.186133	9.5389193580e-04
2.195020	9.0800743290e-04
2.203906	6.4469443272e-04
2.212793	7.8669296529e-04
2.221680	9.6055354667e-04
2.230566	1.0425592917e-03
2.239453	1.2619475054e-03
2.248340	1.6283854815e-03
2.257227	1.5660094869e-03
2.266113	1.3389895947e-03
2.275000	1.3868886013e-03
2.283887	1.1681666504e-03
2.292773	1.1139409974e-03
2.301660	9.5125028836e-04
2.310547	1.2137328040e-03
2.319434	1.1917002996e-03
2.328320	1.2613571334e-03
2.337207	1.0058127533e-03
2.346094	9.9585000117e-04
2.354980	8.4053240132e-04
2.363867	6.9139677529e-04
2.372754	6.8867293163e-04
2.381641	7.5826063271e-04
2.390527	8.1481418229e-04
2.399414	1.0479219270e-03
2.408301	9.5833493352e-04
2.417187	8.9208126073e-04
2.426074	9.5908915820e-04
2.434961	9.9070143672e-04
2.443848	1.0362078256e-03
2.452734	9.7954264395e-04
2.461621	1.2789766032e-03
2.470508	1.2091042785e-03
2.479395	1.2881812143e-03
2.488281	9.1068540361e-04
2.497168	1.2356467354e-03
2.506055	1.0098083211e-03
2.514941	1.1439939493e-03
2.523828	1.0593793195e-03
2.532715	1.3371990375e-03
2.541602	9.8359987058e-04
2.550488	9.8387644228e-04
2.559375	1.0222964613e-03
2.568262	9.8679480283e-04
2.577148	7.6073820975e-04
2.586035	8.1618312704e-04
2.594922	8.9740371637e-04
2.603809	1.0277585100e-03
2.612695	1.2026642430e-03
2.621582	1.1803347620e-03
2.630469	1.3819188988e-03
2.639355	1.2304475897e-03
2.648242	1.0903019583e-03
2.657129	1.0216703834e-03
2.666016	1.1721586995e-03
2.674902	1.2028265750e-03
2.683789	1.1556468870e-03
2.692676	9.6720494264e-04
2.701563	9.3336440395e-04
2.710449	8.0796033108e-04
2.719336	6.8813927882e-04
2.728223	8.0089968743e-04
2.737109	7.9813438804e-04
2.745996	9.6024047173e-04
2.754883	9.0402273383e-04
2.763770	9.5725072037e-04
2.772656	8.7811083820e-04
2.781543	9.0208671461e-04
2.790430	5.9592149434e-04
2.799316	6.5023642070e-04
2.808203	5.2651594696e-04
2.817090	5.7437311729e-04
2.825977	6.8645960272e-04
2.834863	7.5487714894e-04
2.843750	9.0239494018e-04
2.852637	8.7623070743e-04
2.861523	8.3297004888e-04
2.870410	6.6039351665e-04
2.879297	7.5093543046e-04
2.888184	7.5668813127e-04
2.897070	7.5308112000e-04
2.905957	8.4111236334e-04
2.914844	8.4376950351e-04
2.923730	9.1407168773e-04
2.932617	7.6726239842e-04
2.941504	7.1114297415e-04
2.950391	6.8057251249e-04
2.959277	6.4597710562e-04
2.968164	5.8927740581e-04
2.977051	5.6944330352e-04
2.985937	5.3679662942e-04
2.994824	4.5606241989e-04
3.003711	7.0230975013e-04
3.012598	8.9868093156e-04
3.021484	8.8697964763e-04
3.030371	9.1660639595e-04
3.039258	1.0533952934e-03
3.048145	8.5431758022e-04
3.057031	6.8934838718e-04
3.065918	7.6298438229e-04
3.074805	7.0934814848e-04
3.083691	1.0255152812e-03
3.092578	1.0318385044e-03
3.101465	9.0445859148e-04
3.110352	9.8153435643e-04
3.119238	1.3453009236e-03
3.128125	1.1004735947e-03
3.137012	1.2117571040e-03
3.145898	1.2119913090e-03
3.154785	1.0451886389e-03
3.163672	7.8875172825e-04
3.172559	6.3373898788e-04
3.181445	5.3402374710e-04
3.190332	6.5471673137e-04
3.199219	6.4471571559e-04
3.208105	6.4291468864e-04
3.216992	8.9441657922e-04
3.225879	1.0972874492e-03
3.234766	9.3485113012e-04
3.243652	1.3264528892e-03
3.252539	1.3927929018e-03
3.261426	1.1678508914e-03
3.270313	1.2352076857e-03
3.279199	1.3105468538e-03
3.288086	1.0449949329e-03
3.296973	1.4908247282e-03
3.305859	2.3218410086e-03
3.314746	2.0191015815e-03
3.323633	2.2311657818e-03
3.332520	2.0781351358e-03
3.341406	1.7197398707e-03
3.350293	8.8760118537e-04
3.359180	1.0433005267e-03
3.368066	7.9408657069e-04
3.376953	1.0502488297e-03
3.385840	1.3392623079e-03
3.394727	1.2980922926e-03
3.403613	1.3686550022e-03
3.412500	1.3335502125e-03
3.421387	1.3889334638e-03
3.430273	9.4213340370e-04
3.439160	1.1157851883e-03
3.448047	1.0544204754e-03
3.456934	1.1745246360e-03
3.465820	1.0649460970e-03
3.474707	1.1228476508e-03
3.483594	9.2418744927e-04
3.492480	1.0388440300e-03
3.501367	1.0576171106e-03
3.510254	1.2885087083e-03
3.519141	1.4420479549e-03
3.528027	1.6649997920e-03
3.536914	1.5454530291e-03
3.545801	1.4680993211e-03
3.554688	1.3002342982e-03
3.563574	1.2176826923e-03
3.572461	1.2005796288e-03
3.581348	1.0901179195e-03
3.590234	1.0170990440e-03
3.599121	1.3627116938e-03
3.608008	1.3380437522e-03
3.616895	1.1884908636e-03
3.625781	1.3603260536e-03
3.634668	1.3788720138e-03
3.643555	9.8483135786e-04
3.652441	7.7888969271e-04
3.661328	7.3040076181e-04
3.670215	4.5258097359e-04
3.679102	4.9962521562e-04
3.687988	5.0050885879e-04
3.696875	8.2309138798e-04
3.705762	8.2994030183e-04
3.714648	9.4994680034e-04
3.723535	9.0698078715e-04
3.732422	8.1223108316e-04
3.741309	5.1697351004e-04
3.750195	8.8794166584e-04
3.759082	9.2692211610e-04
3.767969	9.1708646476e-04
3.776855	8.8291645602e-04
3.785742	1.0766215128e-03
3.794629	7.4052286388e-04
3.803516	6.8559685889e-04
3.812402	7.9190206232e-04
3.821289	8.0165757425e-04
3.830176	6.2793715026e-04
3.839063	6.0834542727e-04
3.847949	5.1848598210e-04
3.856836	6.5311559909e-04
3.865723	7.8356243126e-04
3.874609	9.2449934814e-04
3.883496	9.3938599894e-04
3.892383	9.8579646570e-04
3.901270	7.9599275260e-04
3.910156	5.6763145848e-04
3.919043	5.2793521315e-04
3.927930	5.0914353096e-04
3.936816	6.3519044262e-04
3.945703	9.0032455679e-04
3.954590	1.2252614498e-03
3.963477	1.7926766654e-03
3.972363	3.8814822639e-03
3.981250	1.2061471223e-02
3.990137	1.5658590777e-02
3.999023	1.7899650414e-02
4.007910	1.7697996159e-02
4.016797	1.5670060744e-02
4.025684	7.3649581692e-03
4.034570	3.6117194135e-03
4.043457	1.1329466266e-03
4.052344	7.4874145653e-04
4.061230	8.0282749939e-04
4.070117	7.9324948931e-04
4.079004	7.5522174257e-04
4.087891	7.4525288534e-04
4.096777	6.7377774778e-04
4.105664	1.0825735032e-03
4.114551	1.1774551281e-03
4.123437	1.2808360507e-03
4.132324	1.4701066370e-03
4.141211	1.4162737988e-03
4.150098	8.2936704967e-04
4.158984	6.7046727625e-04
4.167871	5.0171890002e-04
4.176758	4.9911329670e-04
4.185645	7.6726283406e-04
4.194531	7.9254164470e-04
4.203418	1.1420757395e-03
4.212305	1.0832755426e-03
4.221191	8.5505956942e-04
4.230078	7.6613112896e-04
4.238965	7.6091263187e-04
4.247852	4.7955010891e-04
4.256738	8.9923796297e-04
4.265625	1.0521908277e-03
4.274512	1.5359614599e-03
4.283398	1.5278948500e-03
4.292285	1.4996967385e-03
4.301172	1.2891163263e-03
4.310059	1.5969788681e-03
4.318945	9.2555816365e-04
4.327832	9.5542446763e-04
4.336719	9.3626143636e-04
4.345605	7.3405699599e-04
4.354492	3.8963192480e-04
4.363379	5.4933516458e-04
4.372266	5.2810432076e-04
4.381152	6.5987985384e-04
4.390039	6.6413100557e-04
4.398926	7.9833535708e-04
4.407813	7.3816482536e-04
4.416699	7.2526262079e-04
4.425586	9.5645204685e-04
4.434473	1.1775133073e-03
4.443359	8.8627439017e-04
4.452246	1.1833702376e-03
4.461133	1.1971135024e-03
4.470020	1.2522243288e-03
4.478906	1.1067498014e-03
4.487793	1.1145737678e-03
4.496680	7.6579075894e-04
4.505566	8.3680004117e-04
4.514453	6.4006795739e-04
4.523340	4.9591080635e-04
4.532227	4.6308436956e-04
