0.000000	6.8337125638e-01
0.061035	5.6528594585e-01
0.122070	3.0587930550e-01
0.183105	8.9117046160e-02
0.244141	6.2880165203e-02
0.305176	4.3260771509e-02
0.366211	2.7460580639e-02
0.427246	2.2625200583e-02
0.488281	1.7231465903e-02
0.549316	1.2908890878e-02
0.610352	1.0153367028e-02
0.671387	8.6483134783e-03
0.732422	8.0478479746e-03
0.793457	7.2299214040e-03
0.854492	6.3028467790e-03
0.915527	5.6827358411e-03
0.976562	5.2042235811e-03
1.037598	4.8906098587e-03
1.098633	4.8975046041e-03
1.159668	4.0940020074e-03
1.220703	3.6896787962e-03
1.281738	3.4322773975e-03
1.342773	3.1529981536e-03
1.403809	2.9457411333e-03
1.464844	3.2090141853e-03
1.525879	3.0795365777e-03
1.586914	3.1369397447e-03
1.647949	2.6862921426e-03
1.708984	2.2617316873e-03
1.770020	1.7732475856e-03
1.831055	1.7679420595e-03
1.892090	1.3496857364e-03
1.953125	1.4862951275e-03
2.014160	1.9492840237e-03
2.075195	2.0042675208e-03
2.136230	2.2618840595e-03
2.197266	2.4187769462e-03
2.258301	2.2526266319e-03
2.319336	1.9399420956e-03
2.380371	1.6959268008e-03
2.441406	1.4202585454e-03
2.502441	1.2450734922e-03
2.563477	1.2983511118e-03
2.624512	1.4480923211e-03
2.685547	1.4013868691e-03
2.746582	1.3295903912e-03
2.807617	1.3930115887e-03
2.868652	1.6690359572e-03
2.929688	1.8452003645e-03
2.990723	1.9812224910e-03
3.051758	2.1069421680e-03
3.112793	1.9874971100e-03
3.173828	1.7343352697e-03
3.234863	1.3562608821e-03
3.295898	1.4791763818e-03
3.356934	1.2512992369e-03
3.417969	1.5912265427e-03
3.479004	1.4590009215e-03
3.540039	1.5001234209e-03
3.601074	1.2750117110e-03
3.662109	1.5506657526e-03
3.723145	1.2617210735e-03
3.784180	1.2798965997e-03
3.845215	1.2448833521e-03
3.906250	1.2430766868e-03
3.967285	1.4220881938e-03
4.028320	1.2819600426e-03
4.089355	1.3528663922e-03
4.150391	1.4198063274e-03
4.211426	1.4193561902e-03
4.272461	1.2787850678e-03
4.333496	1.4160717380e-03
4.394531	1.4552259913e-03
4.455566	1.4859099955e-03
4.516602	1.5044663133e-03
4.577637	1.1666629501e-03
4.638672	1.1703502175e-03
4.699707	1.0413898067e-03
4.760742	1.0379139492e-03
4.821777	9.2103687732e-04
4.882812	1.0892891058e-03
4.943848	1.0314152016e-03
5.004883	8.8793463156e-04
5.065918	8.1037657994e-04
5.126953	9.2881342869e-04
5.187988	1.0996448889e-03
5.249023	1.0552697240e-03
5.310059	1.2481462196e-03
5.371094	1.1409337428e-03
5.432129	1.0065315911e-03
5.493164	7.5236593136e-04
5.554199	9.8622110930e-04
5.615234	8.4601314603e-04
5.676270	9.1564642142e-04
5.737305	1.1296878311e-03
5.798340	1.0544091404e-03
5.859375	8.6342463018e-04
5.920410	7.9944213636e-04
5.981445	8.8535057259e-04
6.042480	7.2245071508e-04
6.103516	7.6794804748e-04
6.164551	7.7630955885e-04
6.225586	9.8665565854e-04
6.286621	8.2606219753e-04
6.347656	8.8413990207e-04
6.408691	9.8830721430e-04
6.469727	9.2746743566e-04
6.530762	7.2886297837e-04
6.591797	7.2190317689e-04
6.652832	7.4560105248e-04
6.713867	6.2793329248e-04
6.774902	7.0963791593e-04
6.835938	8.7455227555e-04
6.896973	9.8482373091e-04
6.958008	8.7783197716e-04
7.019043	1.0649038205e-03
7.080078	1.0923831383e-03
7.141113	1.1136825166e-03
7.202148	9.3158929139e-04
7.263184	9.7543605871e-04
7.324219	8.9110226961e-04
7.385254	7.8295841098e-04
7.446289	6.2486343283e-04
7.507324	6.6974774529e-04
7.568359	5.5895615908e-04
7.629395	5.8227571485e-04
7.690430	5.3440985288e-04
7.751465	5.5937553539e-04
7.812500	6.2513354036e-04
7.873535	7.7315667345e-04
7.934570	6.5653940699e-04
7.995605	7.5147280915e-04
8.056641	8.1952183197e-04
8.117676	7.9998868831e-04
8.178711	8.2627372508e-04
8.239746	8.0559511348e-04
8.300781	7.6553358142e-04
8.361816	7.5354363677e-04
8.422852	6.9781966441e-04
8.483887	5.9415116624e-04
8.544922	6.9115366391e-04
8.605957	7.5350218875e-04
8.666992	7.1774512374e-04
8.728027	7.9430361394e-04
8.789062	8.9180496407e-04
8.850098	8.5823156584e-04
8.911133	9.3815815667e-04
8.972168	9.7530752055e-04
9.033203	9.2343373132e-04
9.094238	8.5628625476e-04
9.155273	7.7336663043e-04
9.216309	8.0320962046e-04
9.277344	7.8253973547e-04
9.338379	7.9719907226e-04
9.399414	7.9412445217e-04
9.460449	9.1528213695e-04
9.521484	8.0831484409e-04
9.582520	7.6187030089e-04
9.643555	7.2850977474e-04
9.704590	6.8954691670e-04
9.765625	6.7761197047e-04
9.826660	6.8389972731e-04
9.887695	7.4879164019e-04
9.948730	7.3816247797e-04
10.009766	8.5626873317e-04
10.070801	8.0933087415e-04
10.131836	8.8888625942e-04
10.192871	8.1069576592e-04
10.253906	8.7919975910e-04
10.314941	1.0350402700e-03
10.375977	1.0271566054e-03
10.437012	8.5567867319e-04
10.498047	8.4836470756e-04
10.559082	8.2274737766e-04
10.620117	6.3349746683e-04
10.681152	7.0542815204e-04
10.742188	6.8650517790e-04
10.803223	8.0652841624e-04
10.864258	7.8604312261e-04
10.925293	8.1169363039e-04
10.986328	7.1520519899e-04
11.047363	7.7547123993e-04
11.108398	7.0479050407e-04
11.169434	7.4180628530e-04
11.230469	6.2092433731e-04
11.291504	6.6919871212e-04
11.352539	6.0425515457e-04
11.413574	5.9393068470e-04
11.474609	5.0671562316e-04
11.535645	4.8261869065e-04
11.596680	5.9638026517e-04
11.657715	6.8507511080e-04
11.718750	6.7445065746e-04
11.779785	7.2187728208e-04
11.840820	8.2256942077e-04
11.901855	7.7926308800e-04
11.962891	9.3354597253e-04
12.023926	8.6492826960e-04
12.084961	9.9122796352e-04
12.145996	9.1459869796e-04
12.207031	8.2419813985e-04
12.268066	6.6197157829e-04
12.329102	7.7028096967e-04
12.390137	7.4757467656e-04
12.451172	8.5146210265e-04
12.512207	9.1202206813e-04
12.573242	8.8977579281e-04
12.634277	9.0410249415e-04
12.695312	7.5902704081e-04
12.756348	9.3670177841e-04
12.817383	8.5602000353e-04
12.878418	9.5713991065e-04
12.939453	9.1034485621e-04
13.000488	9.3110890050e-04
13.061523	6.7975371324e-04
13.122559	6.4329350783e-04
13.183594	5.1764319507e-04
13.244629	6.2134144455e-04
13.305664	6.4103578882e-04
13.366699	7.2099856962e-04
13.427734	8.1414241667e-04
13.488770	8.5586226859e-04
13.549805	8.9390162489e-04
13.610840	9.3704973509e-04
13.671875	9.5997614845e-04
13.732910	1.0666666119e-03
13.793945	1.0263633451e-03
13.854980	8.9077412941e-04
13.916016	7.5293118276e-04
13.977051	7.6947910754e-04
14.038086	5.9210461296e-04
14.099121	6.5964912436e-04
14.160156	8.0594102091e-04
14.221191	8.1601292575e-04
14.282227	7.6387635058e-04
14.343262	7.8500705160e-04
14.404297	6.9465081346e-04
14.465332	6.4842084242e-04
14.526367	6.9854745386e-04
14.587402	7.6399106370e-04
14.648438	9.6800980979e-04
14.709473	1.0400628123e-03
14.770508	1.0322027201e-03
14.831543	1.0076357090e-03
14.892578	8.0614616265e-04
14.953613	5.3780121072e-04
15.014648	6.1809491417e-04
15.075684	4.8736570808e-04
15.136719	5.9836014157e-04
15.197754	6.7718996040e-04
15.258789	7.1467550309e-04
15.319824	5.9885280674e-04
15.380859	6.3719410370e-04
15.441895	5.1566341615e-04
15.502930	6.0855677390e-04
15.563965	5.7750205419e-04
15.625000	6.2047677721e-04
15.686035	5.5678645400e-04
15.747070	6.9868709427e-04
15.808105	6.0522623050e-04
15.869141	7.2743118161e-04
15.930176	6.8582253603e-04
15.991211	6.7665007160e-04
16.052246	6.2246307306e-04
16.113281	6.8084123978e-04
16.174316	5.6766695503e-04
16.235352	6.2641469464e-04
16.296387	6.3791434770e-04
16.357422	6.3134259926e-04
16.418457	5.3310217858e-04
16.479492	5.2101221296e-04
16.540527	5.7089473834e-04
16.601562	6.5425814973e-04
16.662598	5.7119445408e-04
16.723633	8.3160576906e-04
16.784668	8.6406146651e-04
16.845703	8.9191196911e-04
16.906738	8.7318347616e-04
16.967773	9.2086638279e-04
17.028809	7.8241539313e-04
17.089844	8.1100452347e-04
17.150879	6.9631901348e-04
17.211914	6.7983023421e-04
17.272949	6.3781420670e-04
17.333984	5.6876128164e-04
17.395020	5.0634209615e-04
17.456055	6.5330696134e-04
17.517090	6.8930772277e-04
17.578125	8.2104455906e-04
17.639160	7.6039707931e-04
17.700195	1.0356383752e-03
17.761230	9.5071263384e-04
17.822266	9.7179443863e-04
17.883301	8.5924135021e-04
17.944336	8.5983906370e-04
18.005371	6.1734252267e-04
18.066406	5.5153462648e-04
18.127441	5.9390960040e-04
18.188477	6.4624312001e-04
18.249512	8.3223875038e-04
18.310547	8.8278104144e-04
18.371582	9.3072367462e-04
18.432617	9.2952202852e-04
18.493652	8.7418463523e-04
18.554688	1.0079525661e-03
18.615723	1.1308713381e-03
18.676758	1.0937079877e-03
18.737793	9.8172545855e-04
18.798828	1.0703261732e-03
18.859863	9.1010574799e-04
18.920898	1.0690469461e-03
18.981934	1.1220803993e-03
19.042969	1.1999664618e-03
19.104004	1.1583061754e-03
19.165039	1.0643075089e-03
19.226074	7.4940598772e-04
19.287109	6.2443433461e-04
19.348145	7.1222373753e-04
19.409180	6.9558227618e-04
19.470215	6.7464115913e-04
19.531250	7.1982371742e-04
19.592285	7.0256560982e-04
19.653320	5.2396830262e-04
19.714355	6.4437783087e-04
19.775391	8.2740860185e-04
19.836426	9.2031330943e-04
19.897461	1.1022574278e-03
19.958496	1.2566702210e-03
20.019531	1.1983786756e-03
20.080566	1.0159411759e-03
20.141602	1.0016526153e-03
20.202637	8.5972993899e-04
20.263672	8.5768895128e-04
20.324707	8.5247342960e-04
20.385742	9.0489344611e-04
20.446777	7.3362507301e-04
20.507812	7.4926109242e-04
20.568848	7.5499257185e-04
20.629883	6.8680307041e-04
20.690918	6.9824521234e-04
20.751953	7.6305601291e-04
20.812988	1.0841883917e-03
20.874023	1.0778846958e-03
20.935059	1.1034131521e-03
20.996094	1.1326566461e-03
21.057129	1.1919004451e-03
21.118164	9.3368109438e-04
21.179199	9.0489387586e-04
21.240234	9.8210479391e-04
21.301270	8.3802825514e-04
21.362305	7.4600374943e-04
21.423340	8.5521629477e-04
21.484375	9.6920997096e-04
21.545410	9.1228035633e-04
21.606445	9.5484921342e-04
21.667480	1.0485903293e-03
21.728516	8.6022815315e-04
21.789551	6.8743644267e-04
21.850586	8.0460260895e-04
21.911621	8.3156839771e-04
21.972656	7.6175673404e-04
22.033691	8.7632712855e-04
22.094727	9.2401693381e-04
22.155762	8.5160340398e-04
22.216797	8.8169599338e-04
22.277832	9.0726748322e-04
22.338867	8.0429368573e-04
22.399902	7.9951044954e-04
22.460938	8.1039688624e-04
22.521973	7.8280911905e-04
22.583008	8.4655072484e-04
22.644043	8.2955744697e-04
22.705078	8.1306463184e-04
22.766113	7.6353817236e-04
22.827148	8.4657967688e-04
22.888184	7.1750702952e-04
22.949219	7.4454409616e-04
23.010254	6.5668376835e-04
23.071289	6.5343450832e-04
23.132324	8.6076468968e-04
23.193359	1.1689080567e-03
23.254395	1.1449659536e-03
23.315430	1.2568661808e-03
23.376465	1.2556484163e-03
23.437500	1.0367262179e-03
23.498535	8.0752928217e-04
23.559570	8.1262159812e-04
23.620605	7.9389682928e-04
23.681641	8.2182417053e-04
23.742676	7.5741506032e-04
23.803711	7.0079403359e-04
23.864746	7.3438199588e-04
23.925781	9.1499636109e-04
23.986816	9.9809351081e-04
24.047852	8.8874533618e-04
24.108887	8.9612883927e-04
24.169922	9.1816987150e-04
24.230957	7.8613872381e-04
24.291992	6.2530445692e-04
24.353027	7.0159206346e-04
24.414062	7.3871889878e-04
24.475098	8.1895864468e-04
24.536133	6.6619477985e-04
24.597168	8.5653546927e-04
24.658203	1.1716164861e-03
24.719238	1.2008336485e-03
24.780273	1.1770743969e-03
24.841309	1.2824212720e-03
24.902344	1.3172481219e-03
24.963379	1.0835630126e-03
25.024414	1.1643033188e-03
25.085449	1.2251618230e-03
25.146484	1.2115954214e-03
25.207520	1.0973061590e-03
25.268555	1.0350714351e-03
25.329590	1.0506491895e-03
25.390625	9.5134578719e-04
25.451660	9.0912031392e-04
25.512695	8.1231111310e-04
25.573730	7.5479015485e-04
25.634766	7.4878790339e-04
25.695801	7.7285970400e-04
25.756836	8.4563115025e-04
25.817871	8.9010591715e-04
25.878906	9.1935965189e-04
25.939941	7.6654185753e-04
26.000977	7.8860721201e-04
26.062012	7.6232683431e-04
26.123047	7.2297467959e-04
26.184082	7.8416612645e-04
26.245117	1.0574655293e-03
26.306152	9.0925315177e-04
26.367188	8.1217938362e-04
26.428223	9.6808629755e-04
26.489258	1.0579997097e-03
26.550293	8.1291421645e-04
26.611328	8.6361297416e-04
26.672363	9.5724136920e-04
26.733398	8.2631104878e-04
26.794434	8.1932539780e-04
26.855469	8.4264502232e-04
26.916504	9.9991630320e-04
26.977539	9.3734431717e-04
27.038574	9.6055532555e-04
27.099609	9.5617960671e-04
27.160645	1.1021734312e-03
27.221680	9.2868673788e-04
27.282715	1.1024232653e-03
27.343750	1.0950394687e-03
27.404785	1.1032060731e-03
27.465820	1.0025306826e-03
27.526855	1.2953770884e-03
27.587891	1.1391013303e-03
27.648926	1.1784838478e-03
27.709961	1.0659009803e-03
27.770996	1.0619399216e-03
27.832031	8.1348533648e-04
27.893066	1.0376842505e-03
27.954102	1.0274595697e-03
28.015137	1.0207512896e-03
28.076172	1.0662451195e-03
28.137207	1.2435662589e-03
28.198242	1.0646123938e-03
28.259277	1.3420467296e-03
28.320312	1.3781085111e-03
28.381348	1.2096429533e-03
28.442383	1.1005336565e-03
28.503418	1.2449800726e-03
28.564453	1.0752931011e-03
28.625488	1.1507079025e-03
28.686523	1.2727779234e-03
28.747559	1.2542039820e-03
28.808594	1.1552951288e-03
28.869629	1.2081149904e-03
28.930664	1.0775574893e-03
28.991699	1.1418943310e-03
29.052734	1.0715152541e-03
29.113770	1.2354046649e-03
29.174805	1.0031341740e-03
29.235840	1.0811359779e-03
29.296875	9.7108920850e-04
29.357910	9.3729210031e-04
29.418945	7.3229935544e-04
29.479980	7.8409881575e-04
29.541016	7.6045952688e-04
29.602051	7.6734146340e-04
29.663086	8.1392817150e-04
29.724121	8.9175776768e-04
29.785156	8.2761889557e-04
29.846191	9.3035836940e-04
29.907227	8.2714002856e-04
29.968262	8.2802584616e-04
30.029297	6.5954451506e-04
30.090332	6.2590010846e-04
30.151367	4.6429972487e-04
30.212402	4.5465094229e-04
30.273438	4.8720759250e-04
30.334473	5.8600475323e-04
30.395508	6.6618399631e-04
30.456543	6.9277863560e-04
30.517578	7.2351467914e-04
30.578613	7.8031662136e-04
30.639648	9.5047070263e-04
30.700684	9.4271565627e-04
30.761719	8.9516215409e-04
30.822754	8.8735413568e-04
30.883789	1.0006354589e-03
30.944824	9.4439980417e-04
31.005859	9.4850655084e-04
31.066895	8.7170037744e-04
31.127930	9.5629839790e-04
31.188965	9.0022713235e-04
31.250000	9.2744999870e-04
31.311035	1.0425643995e-03
31.372070	1.1855489822e-03
31.433105	1.2219686954e-03
31.494141	1.1191971990e-03
31.555176	1.1492501639e-03
31.616211	1.0175496819e-03
31.677246	9.8532542842e-04
31.738281	8.3636198940e-04
31.799316	7.9491213296e-04
31.860352	5.7500502281e-04
31.921387	6.0654531745e-04
31.982422	6.3377834549e-04
32.043457	7.8319731846e-04
32.104492	7.5576884969e-04
32.165527	7.3289078419e-04
32.226562	6.8909545704e-04
32.287598	6.5837215106e-04
32.348633	5.3891218146e-04
32.409668	5.6755540987e-04
32.470703	6.6540837942e-04
32.531738	9.8846184005e-04
32.592773	1.0508331846e-03
32.653809	1.1261611222e-03
32.714844	1.1587890500e-03
32.775879	1.1054808209e-03
32.836914	8.6660109504e-04
32.897949	8.4021295936e-04
32.958984	9.9049284861e-04
33.020020	9.7671104512e-04
33.081055	1.2629250538e-03
33.142090	1.2065986447e-03
33.203125	1.1561316361e-03
33.264160	1.2723028441e-03
33.325195	1.2997161037e-03
33.386230	9.8850913039e-04
33.447266	1.0673185637e-03
33.508301	1.2957356162e-03
33.569336	1.1132163054e-03
33.630371	1.1810608917e-03
33.691406	1.4133569663e-03
33.752441	1.4579606833e-03
33.813477	1.1556112322e-03
33.874512	1.2263473260e-03
33.935547	1.0876002235e-03
33.996582	9.1443333103e-04
34.057617	8.5424945546e-04
34.118652	9.1046681793e-04
34.179688	9.2380823555e-04
34.240723	1.0043479198e-03
34.301758	9.0841716955e-04
34.362793	1.5488453818e-03
34.423828	1.7198176332e-03
34.484863	1.5842652803e-03
34.545898	1.5477953929e-03
34.606934	1.5799841367e-03
34.667969	9.7324706033e-04
34.729004	8.5540991092e-04
34.790039	9.0610078677e-04
34.851074	9.0913764262e-04
34.912109	9.5751549992e-04
34.973145	7.7949955378e-04
35.034180	9.3982150815e-04
35.095215	1.1345623368e-03
35.156250	1.3846009154e-03
35.217285	1.5388502936e-03
35.278320	2.0057506314e-03
35.339355	1.8679312653e-03
35.400391	1.8162373203e-03
35.461426	1.7623255005e-03
35.522461	1.6554956508e-03
35.583496	1.3811550791e-03
35.644531	1.6042330914e-03
35.705566	1.5832829178e-03
35.766602	1.4335961667e-03
35.827637	1.5582529535e-03
35.888672	1.4656442043e-03
35.949707	1.4337858175e-03
36.010742	1.6390225656e-03
36.071777	1.6290515883e-03
36.132812	1.6329211421e-03
36.193848	1.8638954482e-03
36.254883	1.5815240477e-03
36.315918	1.2446588366e-03
36.376953	1.3223571982e-03
36.437988	1.3050755560e-03
36.499023	1.0432578029e-03
36.560059	1.3805498326e-03
36.621094	1.3969455628e-03
36.682129	1.4128685550e-03
36.743164	1.3967792243e-03
36.804199	1.4384011691e-03
36.865234	1.3246133028e-03
36.926270	1.2580637485e-03
36.987305	1.0140953024e-03
37.048340	1.1624991969e-03
37.109375	1.2769165331e-03
37.170410	1.3782800804e-03
37.231445	1.4386317952e-03
37.292480	1.6068579101e-03
37.353516	1.5430197233e-03
37.414551	1.3600251617e-03
37.475586	1.1811189763e-03
37.536621	1.5735609755e-03
37.597656	1.6155773917e-03
37.658691	1.5199924495e-03
37.719727	1.5918444630e-03
37.780762	1.6573957646e-03
37.841797	1.1179577465e-03
37.902832	1.0796278874e-03
37.963867	1.2088812698e-03
38.024902	1.3156055084e-03
38.085938	1.7371805289e-03
38.146973	1.8799656597e-03
38.208008	1.9593576668e-03
38.269043	1.6675185362e-03
38.330078	1.7634449109e-03
38.391113	1.1424509249e-03
38.452148	1.5660522496e-03
38.513184	1.5576379635e-03
38.574219	1.5341714604e-03
38.635254	1.2606586029e-03
38.696289	1.3126358934e-03
38.757324	1.0300537176e-03
38.818359	9.7846697120e-04
38.879395	1.3719784456e-03
38.940430	1.3903321138e-03
39.001465	1.4118590552e-03
39.062500	1.2422876294e-03
39.123535	1.1794523582e-03
39.184570	1.2448384508e-03
39.245605	1.3073583771e-03
39.306641	1.6087558432e-03
39.367676	1.7729362852e-03
39.428711	1.8447065061e-03
39.489746	1.6741224766e-03
39.550781	2.0415209327e-03
39.611816	1.8987003689e-03
39.672852	1.8330704773e-03
39.733887	2.0685415193e-03
39.794922	1.9033070198e-03
39.855957	1.6003258092e-03
39.916992	1.5403104103e-03
39.978027	1.2915315296e-03
40.039062	9.8240596644e-04
40.100098	9.5117004534e-04
40.161133	7.2861357119e-04
40.222168	8.0529919756e-04
40.283203	8.3258425418e-04
40.344238	8.9696207910e-04
40.405273	7.8375075912e-04
40.466309	9.7657464332e-04
40.527344	9.7860975139e-04
40.588379	1.0924334337e-03
40.649414	1.2971258525e-03
40.710449	1.6480858592e-03
40.771484	1.7604969461e-03
40.832520	1.6799130847e-03
40.893555	1.7046162631e-03
40.954590	1.3558734207e-03
41.015625	1.1838777509e-03
41.076660	1.0060372232e-03
41.137695	8.8934702647e-04
41.198730	8.2235248017e-04
41.259766	9.8796519207e-04
41.320801	8.4239055504e-04
41.381836	8.8330797347e-04
41.442871	8.7356239881e-04
41.503906	1.1055090330e-03
41.564941	1.3128985622e-03
41.625977	1.4971578576e-03
41.687012	1.6061180593e-03
41.748047	1.5798344277e-03
41.809082	1.6120341236e-03
41.870117	1.1941219071e-03
41.931152	1.0198485496e-03
41.992188	1.0194828634e-03
42.053223	1.2240118653e-03
42.114258	1.0790056869e-03
42.175293	1.2581911906e-03
42.236328	1.3630048790e-03
42.297363	1.2393237987e-03
42.358398	1.0563707997e-03
42.419434	9.7698719979e-04
42.480469	8.9677275197e-04
42.541504	1.1589823550e-03
42.602539	1.0915753621e-03
42.663574	1.5061086362e-03
42.724609	1.4142532455e-03
42.785645	1.5332625913e-03
42.846680	1.1608047563e-03
42.907715	1.2512943419e-03
42.968750	8.2379824045e-04
43.029785	8.1805070387e-04
43.090820	8.8663452905e-04
43.151855	7.9590112186e-04
43.212891	7.3259003012e-04
43.273926	7.6712685760e-04
43.334961	8.5724666776e-04
43.395996	7.0329643021e-04
43.457031	8.5026736316e-04
43.518066	1.1047981665e-03
43.579102	1.2057028764e-03
43.640137	1.1037552269e-03
43.701172	1.2579896879e-03
43.762207	1.1188025329e-03
43.823242	1.1227476409e-03
43.884277	1.2417092445e-03
43.945312	1.4246522764e-03
44.006348	1.2543010708e-03
44.067383	1.7092491366e-03
44.128418	1.3751884894e-03
44.189453	1.1130354740e-03
44.250488	1.0064434500e-03
44.311523	1.0499879399e-03
44.372559	8.2803070373e-04
44.433594	1.0252919011e-03
44.494629	1.2212237459e-03
44.555664	1.4546368267e-03
44.616699	1.5258850855e-03
44.677734	1.5950425014e-03
44.738770	1.3917034713e-03
44.799805	1.1800138462e-03
44.860840	9.9938198667e-04
44.921875	9.3152335091e-04
44.982910	6.6027312682e-04
45.043945	8.7570445182e-04
45.104980	1.0513462555e-03
45.166016	1.1505969823e-03
45.227051	1.0762606148e-03
45.288086	1.1311332840e-03
45.349121	1.0139837875e-03
45.410156	9.2923986802e-04
45.471191	8.2946883618e-04
45.532227	8.3688004667e-04
45.593262	8.4674711426e-04
45.654297	8.9706622892e-04
45.715332	8.8604047585e-04
45.776367	8.5381759061e-04
45.837402	1.3368235773e-03
45.898438	1.3055774447e-03
45.959473	1.4369554788e-03
46.020508	1.3301638297e-03
46.081543	1.3689110544e-03
46.142578	9.0253309859e-04
46.203613	1.1672107515e-03
46.264648	9.6181142980e-04
46.325684	1.3240120212e-03
46.386719	1.2322352663e-03
46.447754	1.2260835233e-03
46.508789	1.6113380470e-03
46.569824	1.7624651119e-03
46.630859	1.4435794127e-03
46.691895	1.4187207309e-03
46.752930	1.3268384044e-03
46.813965	8.3068996300e-04
46.875000	7.5659345068e-04
46.936035	8.8395909133e-04
46.997070	9.1039048968e-04
47.058105	1.0645098041e-03
47.119141	9.0978558720e-04
47.180176	9.2664310442e-04
47.241211	9.0034614117e-04
47.302246	9.0887190139e-04
47.363281	8.0086796165e-04
47.424316	1.0978878266e-03
47.485352	1.0675808999e-03
47.546387	1.2136565891e-03
47.607422	1.3604697847e-03
47.668457	1.5348929917e-03
47.729492	1.5323756601e-03
47.790527	1.5792564153e-03
47.851562	1.3451942535e-03
47.912598	1.2069752920e-03
47.973633	1.1110632379e-03
48.034668	8.9904837827e-04
48.095703	9.4933831608e-04
48.156738	9.1959192041e-04
48.217773	9.2682503574e-04
48.278809	9.3835730971e-04
48.339844	1.0281635776e-03
48.400879	1.0336855959e-03
48.461914	1.2120629060e-03
48.522949	1.4507705466e-03
48.583984	1.7620705831e-03
48.645020	1.8192679949e-03
48.706055	1.7068376045e-03
48.767090	1.7612405287e-03
48.828125	1.6929800317e-03
48.889160	1.6865414862e-03
48.950195	1.6151069632e-03
49.011230	1.7373823115e-03
49.072266	1.6991133457e-03
49.133301	1.5432249552e-03
49.194336	1.3050816258e-03
49.255371	1.4549364244e-03
49.316406	1.2894622195e-03
49.377441	1.6435890996e-03
49.438477	2.9086772126e-03
49.499512	3.5257616952e-03
49.560547	4.0567576772e-03
49.621582	5.8444026275e-03
49.682617	1.1658259740e-02
49.743652	4.3087854185e-02
49.804688	7.0993951101e-02
49.865723	7.1820087898e-02
49.926758	7.0666160363e-02
49.987793	6.4824520909e-02
50.048828	3.2227048120e-02
50.109863	3.8470448781e-03
50.170898	2.3165090045e-03
50.231934	2.2074986434e-03
50.292969	1.6780251454e-03
50.354004	1.8537275163e-03
50.415039	1.9501718861e-03
50.476074	1.8857795463e-03
50.537109	1.3018661654e-03
50.598145	1.4228401685e-03
50.659180	1.1490465431e-03
50.720215	8.7623963565e-04
50.781250	8.4467838146e-04
50.842285	9.0197805866e-04
50.903320	9.6505538822e-04
50.964355	9.2336129138e-04
51.025391	8.2476535212e-04
51.086426	8.7986130426e-04
51.147461	9.5714787626e-04
51.208496	8.5568209657e-04
51.269531	9.0171015253e-04
51.330566	1.1475028808e-03
51.391602	1.1053325993e-03
51.452637	1.0796606219e-03
51.513672	1.2920076436e-03
51.574707	1.2724567661e-03
51.635742	1.1845115927e-03
51.696777	1.1053444588e-03
51.757812	1.1063338979e-03
51.818848	1.0306354816e-03
51.879883	9.6179679701e-04
51.940918	9.5672487518e-04
52.001953	1.0465037580e-03
52.062988	9.3160241623e-04
52.124023	8.7681280888e-04
52.185059	8.7346134659e-04
52.246094	6.9070478247e-04
52.307129	7.7854360555e-04
52.368164	7.7633552054e-04
52.429199	7.5059877586e-04
52.490234	8.1086764577e-04
52.551270	8.7892613547e-04
52.612305	7.5970679208e-04
52.673340	8.0276511610e-04
52.734375	7.8724802810e-04
52.795410	7.6545817424e-04
52.856445	6.6578494241e-04
52.917480	7.1507187149e-04
52.978516	6.8731028139e-04
53.039551	6.3374320897e-04
53.100586	7.4335140257e-04
53.161621	7.9764232560e-04
53.222656	7.8330518130e-04
53.283691	9.3542894532e-04
53.344727	8.7446953776e-04
53.405762	7.9413598349e-04
53.466797	7.8761963599e-04
53.527832	6.6210146693e-04
53.588867	5.6999145420e-04
53.649902	6.0164500407e-04
53.710938	6.4192587376e-04
53.771973	8.9119891467e-04
53.833008	1.1851261076e-03
53.894043	1.1868874827e-03
53.955078	1.3011197861e-03
54.016113	1.2279799843e-03
54.077148	9.5243331236e-04
54.138184	7.3564741345e-04
54.199219	7.3113441757e-04
54.260254	5.9735702724e-04
54.321289	5.5619099422e-04
54.382324	6.0888211122e-04
54.443359	6.3530274348e-04
54.504395	6.2081617528e-04
54.565430	6.5155812089e-04
54.626465	8.5914678311e-04
54.687500	8.4600491295e-04
54.748535	7.6489015865e-04
54.809570	7.1416746992e-04
54.870605	6.9873653904e-04
54.931641	6.6867858586e-04
54.992676	6.6417443736e-04
55.053711	7.5098443925e-04
55.114746	7.7233127371e-04
55.175781	7.7869053126e-04
55.236816	6.8280867357e-04
55.297852	6.8772150216e-04
55.358887	7.8968935867e-04
55.419922	8.1822621972e-04
55.480957	8.4511218913e-04
55.541992	8.1019230413e-04
55.603027	9.8444167591e-04
55.664062	9.5390245509e-04
55.725098	9.2676039161e-04
55.786133	1.0151547083e-03
55.847168	1.3258681377e-03
55.908203	1.2783522219e-03
55.969238	1.3226637833e-03
56.030273	1.5219616556e-03
56.091309	1.4155957501e-03
56.152344	1.1371689351e-03
56.213379	1.0503833380e-03
56.274414	9.8476540172e-04
56.335449	8.7522035271e-04
56.396484	8.8327487823e-04
56.457520	8.5513680892e-04
56.518555	7.6606027869e-04
56.579590	6.8088136096e-04
56.640625	5.5275838860e-04
56.701660	6.0539582039e-04
56.762695	6.1626393869e-04
56.823730	6.5128562559e-04
56.884766	8.6481842443e-04
56.945801	8.9082638090e-04
57.006836	9.2169175187e-04
57.067871	9.0978698806e-04
57.128906	1.0692874887e-03
57.189941	9.0155167499e-04
57.250977	9.8457385311e-04
57.312012	8.7336405485e-04
57.373047	8.6601232144e-04
57.434082	7.7609460843e-04
57.495117	7.5849331028e-04
57.556152	8.7218133960e-04
57.617188	9.1672819750e-04
57.678223	1.1546218565e-03
57.739258	1.2018153319e-03
57.800293	1.1682553945e-03
57.861328	1.0483612526e-03
57.922363	1.0242909621e-03
57.983398	9.3131837716e-04
58.044434	9.3008652286e-04
58.105469	9.9869043783e-04
58.166504	9.3187635502e-04
58.227539	1.1906770712e-03
58.288574	1.2239563220e-03
58.349609	1.1621971244e-03
58.410645	1.5095201759e-03
58.471680	1.4790984039e-03
58.532715	1.2634609881e-03
58.593750	1.1485378037e-03
58.654785	1.0888272587e-03
58.715820	6.7775194537e-04
58.776855	7.3871881867e-04
58.837891	9.0143141261e-04
58.898926	8.8619485531e-04
58.959961	1.0022118629e-03
59.020996	9.7895751710e-04
59.082031	1.1400877661e-03
59.143066	1.0296395034e-03
59.204102	1.0598184733e-03
59.265137	9.0810788892e-04
59.326172	1.0783622118e-03
59.387207	9.5213274534e-04
59.448242	8.9027046473e-04
59.509277	8.3167214721e-04
59.570312	1.1231031823e-03
59.631348	9.4288582992e-04
59.692383	1.0484017272e-03
59.753418	1.0181304703e-03
59.814453	1.0606879611e-03
59.875488	8.2848552472e-04
59.936523	1.0609906544e-03
59.997559	8.6132120967e-04
60.058594	9.7831188735e-04
60.119629	1.0397572782e-03
60.180664	1.3719412152e-03
60.241699	1.3953058356e-03
60.302734	1.4718691133e-03
60.363770	1.3054461502e-03
60.424805	1.6124284088e-03
60.485840	1.2427184885e-03
60.546875	1.0657701419e-03
60.607910	9.8978660690e-04
60.668945	1.0054507833e-03
60.729980	5.6176292181e-04
60.791016	5.7378417793e-04
60.852051	6.3642922889e-04
60.913086	8.6433852955e-04
60.974121	9.7209874514e-04
61.035156	1.1368953033e-03
61.096191	1.1294506659e-03
61.157227	1.0959241083e-03
61.218262	9.1257373640e-04
61.279297	9.7867138703e-04
61.340332	9.2707260051e-04
61.401367	9.6740454948e-04
61.462402	9.8370374497e-04
61.523438	1.0706124389e-03
61.584473	1.2056802006e-03
61.645508	1.0665607643e-03
61.706543	1.0853489559e-03
61.767578	1.0387334738e-03
61.828613	9.5360969398e-04
61.889648	6.5237772169e-04
61.950684	7.3789591817e-04
62.011719	7.8270471046e-04
62.072754	9.3087464818e-04
62.133789	9.4358432116e-04
62.194824	1.0042161750e-03
62.255859	9.9991281135e-04
62.316895	1.0075268196e-03
62.377930	7.6321959652e-04
62.438965	8.5585155108e-04
62.500000	8.6045744128e-04
62.561035	7.6153483732e-04
62.622070	6.2694377691e-04
62.683105	6.7210381038e-04
62.744141	5.2134894658e-04
62.805176	1.0003303945e-03
62.866211	1.1097469354e-03
62.927246	1.1744727800e-03
62.988281	1.1362571659e-03
63.049316	1.2889300290e-03
63.110352	1.0380392607e-03
63.171387	1.2555794103e-03
63.232422	1.2025686742e-03
63.293457	1.5151158384e-03
63.354492	1.7827240229e-03
63.415527	1.8396134804e-03
63.476562	1.8403473833e-03
63.537598	1.8707041890e-03
63.598633	1.6760222048e-03
63.659668	1.3444517960e-03
63.720703	1.0009644303e-03
63.781738	1.0996972498e-03
63.842773	1.1882141965e-03
63.903809	1.3775223818e-03
63.964844	1.3886512718e-03
64.025879	1.5028268886e-03
64.086914	1.1713952946e-03
64.147949	1.2527386580e-03
64.208984	1.0879421030e-03
64.270020	1.2765957564e-03
64.331055	1.2698152024e-03
64.392090	1.1995773425e-03
64.453125	1.2049678870e-03
64.514160	1.2320942744e-03
64.575195	1.1634581522e-03
64.636230	1.0839320230e-03
64.697266	1.1193409919e-03
64.758301	1.0911331929e-03
64.819336	9.6556933800e-04
64.880371	8.7380957399e-04
64.941406	9.0159610881e-04
65.002441	1.1531431939e-03
65.063477	1.3971576185e-03
65.124512	1.6137033697e-03
65.185547	1.5469284134e-03
65.246582	1.4356057900e-03
65.307617	1.3716905248e-03
65.368652	1.1049987363e-03
65.429688	1.0987092883e-03
65.490723	1.0174156729e-03
65.551758	1.2189336294e-03
65.612793	9.8305628631e-04
65.673828	1.1710068865e-03
65.734863	1.0101096163e-03
65.795898	1.3362589886e-03
65.856934	1.6398406667e-03
65.917969	1.7050472326e-03
65.979004	1.4702076337e-03
66.040039	1.3733542019e-03
66.101074	1.3160979150e-03
66.162109	7.7430576070e-04
66.223145	8.5265667073e-04
66.284180	7.5605269912e-04
66.345215	8.6456236218e-04
66.406250	7.0031913178e-04
66.467285	9.3762820755e-04
66.528320	9.3094084175e-04
66.589355	1.0117973213e-03
66.650391	9.6475463612e-04
66.711426	9.2356290997e-04
66.772461	9.5600279326e-04
66.833496	8.4933029726e-04
66.894531	9.5623533538e-04
66.955566	9.0539841782e-04
67.016602	1.0141318891e-03
67.077637	8.3770255010e-04
67.138672	8.6502596507e-04
67.199707	6.9789290079e-04
67.260742	7.5171326544e-04
67.321777	6.6319387270e-04
67.382812	7.4057029068e-04
67.443848	7.9668076429e-04
67.504883	8.7393695110e-04
67.565918	1.0486471651e-03
67.626953	1.0352079769e-03
67.687988	9.1673230849e-04
67.749023	8.5095657401e-04
67.810059	8.1313253051e-04
67.871094	6.8564602685e-04
67.932129	8.9529143778e-04
67.993164	1.1489350578e-03
68.054199	1.2614133846e-03
68.115234	1.1961756371e-03
68.176270	1.1655851622e-03
68.237305	9.2949908736e-04
68.298340	7.2536398423e-04
68.359375	7.1764587271e-04
68.420410	7.1120949521e-04
68.481445	7.0301489664e-04
68.542480	7.0585833618e-04
68.603516	7.0255778922e-04
68.664551	7.4797245473e-04
68.725586	8.1561857902e-04
68.786621	8.3363501968e-04
68.847656	8.4012902473e-04
68.908691	8.4388758901e-04
68.969727	6.4032462348e-04
69.030762	5.2281505463e-04
69.091797	6.3436359949e-04
69.152832	5.9936734211e-04
69.213867	6.7169727357e-04
69.274902	7.1998905721e-04
69.335938	1.0258781899e-03
69.396973	9.9947147738e-04
69.458008	1.1185030725e-03
69.519043	1.0355174464e-03
69.580078	9.7939817381e-04
69.641113	7.8075734537e-04
69.702148	6.6357404346e-04
69.763184	7.4244669617e-04
69.824219	7.9673680006e-04
69.885254	8.2099595843e-04
69.946289	8.3225354374e-04
70.007324	8.5384886793e-04
70.068359	8.2565697069e-04
70.129395	8.2265724675e-04
70.190430	8.9823392052e-04
70.251465	9.9668177406e-04
70.312500	9.9571925906e-04
70.373535	9.0488824268e-04
70.434570	8.7995191465e-04
70.495605	7.7264444150e-04
70.556641	6.0538680206e-04
70.617676	6.7870693930e-04
70.678711	6.6511852489e-04
70.739746	6.9410071378e-04
70.800781	9.0559119370e-04
70.861816	9.1644679151e-04
70.922852	8.1968976320e-04
70.983887	7.8573164231e-04
71.044922	7.5924661633e-04
71.105957	5.7336724516e-04
71.166992	7.3087297043e-04
71.228027	8.0355289425e-04
71.289062	9.0681732579e-04
71.350098	8.9679085852e-04
71.411133	9.4105551530e-04
71.472168	8.6560589842e-04
71.533203	8.4063974592e-04
71.594238	7.9819826259e-04
71.655273	8.6146928660e-04
71.716309	9.1826813794e-04
71.777344	1.2967474058e-03
71.838379	1.6881953578e-03
71.899414	1.7871112255e-03
71.960449	1.9169327214e-03
72.021484	1.9924451326e-03
72.082520	1.8038680624e-03
72.143555	1.5358585186e-03
72.204590	1.4431462315e-03
72.265625	1.4512468843e-03
72.326660	1.3430954900e-03
72.387695	1.1299653268e-03
72.448730	1.0680160831e-03
72.509766	1.1111149042e-03
72.570801	1.0679542878e-03
72.631836	1.2560114747e-03
72.692871	1.5466942388e-03
72.753906	1.5135073381e-03
72.814941	1.4188600581e-03
72.875977	1.2059974119e-03
72.937012	1.0257506965e-03
72.998047	7.7305630542e-04
73.059082	8.3172101785e-04
73.120117	8.6992763120e-04
73.181152	8.8096711367e-04
73.242188	8.8334849956e-04
73.303223	8.5984576719e-04
73.364258	7.5910815568e-04
73.425293	7.6456341819e-04
73.486328	1.2604804301e-03
73.547363	1.4442712334e-03
73.608398	1.4619422825e-03
73.669434	1.4285536235e-03
73.730469	1.4639659786e-03
73.791504	1.1364006937e-03
73.852539	1.1715479160e-03
73.913574	1.1205967699e-03
73.974609	1.1715902497e-03
74.035645	1.3538092702e-03
74.096680	1.2848141341e-03
74.157715	1.0618590725e-03
74.218750	1.2439698910e-03
74.279785	1.1808072670e-03
74.340820	9.5210855099e-04
74.401855	8.6301575938e-04
74.462891	8.6544170759e-04
74.523926	8.2890418556e-04
74.584961	9.2439117404e-04
74.645996	8.6098555534e-04
74.707031	1.0920770088e-03
74.768066	1.3218843862e-03
74.829102	1.1767129788e-03
74.890137	1.2155930018e-03
74.951172	1.7149450064e-03
75.012207	1.6777730265e-03
75.073242	1.5386634758e-03
75.134277	1.7705881851e-03
75.195312	1.9056498316e-03
75.256348	1.7497674582e-03
75.317383	1.7741704808e-03
75.378418	1.8264678055e-03
75.439453	1.5385989084e-03
75.500488	1.4115746781e-03
75.561523	1.3938391124e-03
75.622559	1.3243060585e-03
75.683594	1.2810166692e-03
75.744629	1.4684609843e-03
75.805664	1.4769164602e-03
75.866699	1.3253601223e-03
75.927734	1.4314482236e-03
75.988770	1.6478593703e-03
76.049805	1.5772341306e-03
76.110840	1.8311964934e-03
76.171875	2.3674910999e-03
76.232910	2.1430555784e-03
76.293945	2.2214582358e-03
76.354980	2.4479120240e-03
76.416016	2.3547812195e-03
76.477051	1.9408578798e-03
76.538086	2.3190961227e-03
76.599121	1.9698547367e-03
76.660156	2.3234846215e-03
76.721191	2.1717147325e-03
76.782227	2.0720454065e-03
76.843262	1.8749492742e-03
76.904297	1.9556675776e-03
76.965332	1.3086791667e-03
77.026367	1.3141728172e-03
77.087402	1.1539788179e-03
77.148438	1.0623965318e-03
77.209473	9.1691922330e-04
77.270508	8.8748224497e-04
77.331543	8.1770839272e-04
77.392578	8.0387971864e-04
77.453613	8.0691687256e-04
77.514648	8.6273632731e-04
77.575684	1.1098818871e-03
77.636719	1.4400224717e-03
77.697754	1.5460237506e-03
77.758789	1.4705397240e-03
77.819824	1.4311963412e-03
77.880859	1.5647255353e-03
77.941895	1.1577955255e-03
78.002930	1.1725632710e-03
78.063965	1.2814967457e-03
78.125000	1.5712773003e-03
78.186035	1.5998605768e-03
78.247070	1.6893814383e-03
78.308105	1.5919260602e-03
78.369141	1.5688108136e-03
78.430176	1.5337709809e-03
78.491211	1.2562981732e-03
78.552246	1.2554666084e-03
78.613281	1.3293069090e-03
78.674316	1.1701966758e-03
78.735352	8.9168931561e-04
78.796387	7.9571849288e-04
78.857422	1.0884839119e-03
78.918457	1.1305427366e-03
78.979492	1.1746675643e-03
79.040527	1.5745848991e-03
79.101562	1.8753894782e-03
79.162598	1.9700961580e-03
79.223633	1.9936574719e-03
79.284668	2.2174715839e-03
79.345703	2.0854614186e-03
79.406738	2.0466003322e-03
79.467773	1.6558836237e-03
79.528809	1.4494149476e-03
79.589844	1.5906656788e-03
79.650879	1.5645808858e-03
79.711914	1.2411813666e-03
79.772949	1.2807782731e-03
79.833984	1.5269680163e-03
79.895020	1.2553712192e-03
79.956055	1.1528104803e-03
80.017090	1.3606343193e-03
80.078125	1.4451374027e-03
80.139160	1.3823130910e-03
80.200195	1.2288326103e-03
80.261230	1.0824627617e-03
80.322266	1.0743101363e-03
80.383301	8.1968065551e-04
80.444336	6.2938292956e-04
80.505371	7.7326312554e-04
80.566406	8.4284724459e-04
80.627441	6.7062198790e-04
80.688477	7.4811149595e-04
80.749512	9.2558447233e-04
80.810547	7.7965496780e-04
80.871582	7.1206252486e-04
80.932617	8.7732521867e-04
80.993652	9.8303674617e-04
81.054688	1.5112406889e-03
81.115723	1.7804776120e-03
81.176758	1.8231120400e-03
81.237793	1.6638361346e-03
81.298828	1.5786700228e-03
81.359863	1.0160633170e-03
81.420898	1.1600340306e-03
81.481934	1.8833524027e-03
81.542969	1.9411539885e-03
81.604004	2.1362292357e-03
81.665039	2.1976810498e-03
81.726074	2.0799345918e-03
81.787109	1.5336520020e-03
81.848145	1.6357221693e-03
81.909180	1.5195111358e-03
81.970215	1.5367077341e-03
82.031250	1.3570766231e-03
82.092285	1.5314940477e-03
82.153320	1.3950027697e-03
82.214355	1.3965058281e-03
82.275391	1.1904295542e-03
82.336426	1.1703242004e-03
82.397461	7.8398123841e-04
82.458496	7.4704080751e-04
82.519531	6.4071767219e-04
82.580566	8.6572242893e-04
82.641602	9.3236010090e-04
82.702637	9.9701235812e-04
82.763672	1.1145622213e-03
82.824707	1.3163818751e-03
82.885742	1.1716782673e-03
82.946777	1.2405176045e-03
83.007812	1.2064671665e-03
83.068848	1.2292921246e-03
83.129883	1.0913880630e-03
83.190918	1.2988131951e-03
83.251953	1.2828753406e-03
83.312988	1.3441089230e-03
83.374023	1.4021986320e-03
83.435059	1.3215356784e-03
83.496094	1.2569640450e-03
83.557129	1.3065813855e-03
83.618164	1.3319957021e-03
83.679199	1.2015174036e-03
83.740234	1.4083791288e-03
83.801270	1.3623453999e-03
83.862305	1.2360511348e-03
83.923340	1.3188262705e-03
83.984375	1.4817478729e-03
84.045410	1.1993216846e-03
84.106445	1.5135135476e-03
84.167480	1.5363050629e-03
84.228516	1.7589484006e-03
84.289551	1.7602169966e-03
84.350586	2.0985932976e-03
84.411621	2.0731767778e-03
84.472656	2.0750934395e-03
84.533691	1.6990761691e-03
84.594727	1.4465688870e-03
84.655762	1.1187639990e-03
84.716797	7.9952434898e-04
84.777832	6.8851765348e-04
84.838867	6.9960584220e-04
84.899902	1.0300487824e-03
84.960938	1.1447484927e-03
85.021973	1.6295020673e-03
85.083008	1.9568727453e-03
85.144043	1.9554298874e-03
85.205078	2.1028828201e-03
85.266113	1.9995155209e-03
85.327148	2.0919779293e-03
85.388184	2.3665097433e-03
85.449219	2.4196566130e-03
85.510254	2.0644598816e-03
85.571289	2.0915827505e-03
85.632324	1.4603501251e-03
85.693359	7.9538680606e-04
85.754395	7.5487203812e-04
85.815430	7.4781695293e-04
85.876465	8.0440308094e-04
85.937500	8.3748569728e-04
85.998535	1.3654488542e-03
86.059570	1.3409438644e-03
86.120605	1.4121640263e-03
86.181641	1.6350440172e-03
86.242676	2.0494425824e-03
86.303711	1.8193276428e-03
86.364746	1.8212563278e-03
86.425781	1.7893946725e-03
86.486816	1.6351894325e-03
86.547852	1.1562852427e-03
86.608887	1.3224461657e-03
86.669922	1.3463788124e-03
86.730957	1.1920095766e-03
86.791992	1.0312755007e-03
86.853027	1.1114553867e-03
86.914062	8.1874999617e-04
86.975098	9.4845535563e-04
87.036133	1.0329469600e-03
87.097168	1.2083963216e-03
87.158203	1.1786360412e-03
87.219238	1.1772554530e-03
87.280273	1.2154502355e-03
87.341309	1.2194538200e-03
87.402344	1.2238702151e-03
87.463379	1.2595817533e-03
87.524414	1.3317490889e-03
87.585449	1.2139229898e-03
87.646484	1.1728369662e-03
87.707520	1.1268191891e-03
87.768555	1.1879989082e-03
87.829590	1.0205724067e-03
87.890625	8.3990773394e-04
87.951660	8.5010946105e-04
88.012695	7.5218426029e-04
88.073730	6.5448578618e-04
88.134766	7.3885216322e-04
88.195801	1.0147036477e-03
88.256836	1.1865845815e-03
88.317871	1.7551795111e-03
88.378906	1.7276394162e-03
88.439941	2.2185907618e-03
88.500977	2.1168109055e-03
88.562012	2.1730291399e-03
88.623047	1.6577898883e-03
88.684082	1.7487455826e-03
88.745117	1.1993060892e-03
88.806152	1.1597272342e-03
88.867188	1.0957420166e-03
88.928223	1.1400523017e-03
88.989258	1.0571160901e-03
89.050293	1.3758185575e-03
89.111328	1.7693335399e-03
89.172363	1.6199758226e-03
89.233398	1.9551304541e-03
89.294434	2.4580142740e-03
89.355469	2.2233313711e-03
89.416504	2.0636934922e-03
89.477539	2.1690942110e-03
89.538574	1.8244767083e-03
89.599609	1.5311273152e-03
89.660645	1.6979865396e-03
89.721680	1.5218675945e-03
89.782715	1.6329938049e-03
89.843750	2.0115050121e-03
89.904785	2.0727939591e-03
89.965820	1.9355765294e-03
90.026855	1.8528476933e-03
90.087891	1.5784343443e-03
90.148926	1.1358194046e-03
90.209961	1.0032318820e-03
90.270996	9.7355800003e-04
90.332031	1.0790152089e-03
90.393066	1.4537061890e-03
90.454102	1.5883210004e-03
90.515137	1.4808731484e-03
90.576172	1.3791561540e-03
90.637207	1.3348598115e-03
90.698242	1.0597616893e-03
90.759277	9.4712178580e-04
90.820312	1.1175647702e-03
90.881348	1.1005858243e-03
90.942383	1.0774010523e-03
91.003418	1.1535029105e-03
91.064453	1.1720310025e-03
91.125488	9.4250604972e-04
91.186523	9.6794456095e-04
91.247559	8.8834605489e-04
91.308594	8.6595830119e-04
91.369629	8.9564297411e-04
91.430664	1.0334316097e-03
91.491699	1.0483439789e-03
91.552734	1.1363660151e-03
91.613770	1.2331556744e-03
91.674805	1.1689316960e-03
91.735840	1.0471784898e-03
91.796875	1.1369757491e-03
91.857910	1.0087238647e-03
91.918945	1.0601283463e-03
91.979980	1.0973931546e-03
92.041016	1.1493714543e-03
92.102051	1.1851755255e-03
92.163086	1.1861877131e-03
92.224121	1.2766493160e-03
92.285156	1.3086040765e-03
92.346191	1.2922813878e-03
92.407227	1.1536870991e-03
92.468262	1.3680909905e-03
92.529297	1.1436300617e-03
92.590332	1.1244784495e-03
92.651367	1.0990069279e-03
92.712402	1.1436265434e-03
92.773438	9.6793252025e-04
92.834473	1.0730986057e-03
92.895508	1.0211968235e-03
92.956543	9.9778747038e-04
93.017578	1.4320196019e-03
93.078613	1.3628563086e-03
93.139648	1.1047394680e-03
93.200684	1.0930244423e-03
93.261719	1.0979758775e-03
93.322754	6.9863426490e-04
93.383789	9.2994328213e-04
93.444824	1.5641349960e-03
93.505859	1.6734793320e-03
93.566895	1.7285995466e-03
93.627930	1.7778425677e-03
93.688965	1.5625055211e-03
93.750000	9.0702278818e-04
93.811035	9.8428525856e-04
93.872070	1.0433281735e-03
93.933105	9.6450564737e-04
93.994141	1.1114283804e-03
94.055176	1.1799245476e-03
94.116211	1.0350168270e-03
94.177246	9.1781095172e-04
94.238281	9.7620857487e-04
94.299316	8.6595688486e-04
94.360352	9.3768052525e-04
94.421387	8.3908126441e-04
94.482422	1.1307694654e-03
94.543457	1.0867404552e-03
94.604492	1.1389918718e-03
94.665527	1.0890615368e-03
94.726562	1.2072906592e-03
94.787598	1.1016296393e-03
94.848633	1.3181317390e-03
94.909668	1.4090370084e-03
94.970703	1.3823376252e-03
95.031738	1.7624833846e-03
95.092773	1.7682777306e-03
95.153809	1.5274372682e-03
95.214844	1.3702592426e-03
95.275879	1.2870198004e-03
95.336914	8.4719906675e-04
95.397949	7.1744529987e-04
95.458984	7.2959180297e-04
95.520020	7.7012259749e-04
95.581055	1.1614202767e-03
95.642090	1.1280883832e-03
95.703125	1.0353270169e-03
95.764160	1.1418396573e-03
95.825195	1.2723337017e-03
95.886230	1.0024323861e-03
95.947266	1.0181056559e-03
96.008301	1.2370531394e-03
96.069336	9.9282417334e-04
96.130371	1.0091700025e-03
96.191406	9.2905091987e-04
96.252441	9.4338109437e-04
96.313477	8.2694673372e-04
96.374512	9.8973205548e-04
96.435547	8.7726050666e-04
96.496582	9.9355813194e-04
96.557617	1.0259446117e-03
96.618652	1.0243828668e-03
96.679688	1.0593901796e-03
96.740723	1.0683608100e-03
96.801758	1.0074909002e-03
96.862793	1.2649521568e-03
96.923828	1.4245981695e-03
96.984863	1.3832943475e-03
97.045898	1.3867987541e-03
97.106934	1.4637568742e-03
97.167969	1.3997326495e-03
97.229004	1.3851933847e-03
97.290039	1.3789609210e-03
97.351074	2.0046490656e-03
97.412109	2.7396244642e-03
97.473145	3.4372804501e-03
97.534180	3.1521007110e-03
97.595215	3.3298704922e-03
97.656250	2.6840661639e-03
97.717285	1.8461531942e-03
97.778320	1.1793698738e-03
97.839355	1.1831245274e-03
97.900391	9.4904413502e-04
97.961426	1.2422113223e-03
98.022461	1.2463344457e-03
98.083496	1.1452982360e-03
98.144531	1.2475574486e-03
98.205566	1.2248846424e-03
98.266602	1.0210913076e-03
98.327637	1.4543805280e-03
98.388672	1.4142840570e-03
98.449707	1.7216046171e-03
98.510742	1.8546740663e-03
98.571777	1.9813198097e-03
98.632812	1.7159516887e-03
98.693848	1.6992619639e-03
98.754883	1.3662103689e-03
98.815918	1.3527645568e-03
98.876953	1.2705818926e-03
98.937988	1.1695600443e-03
98.999023	1.0233351512e-03
99.060059	1.1072283660e-03
99.121094	1.3001740815e-03
99.182129	1.1735635392e-03
99.243164	1.6182440359e-03
99.304199	1.7301411577e-03
99.365234	2.0436117697e-03
99.426270	1.8201837620e-03
99.487305	1.8535588003e-03
99.548340	1.4372447801e-03
99.609375	1.6809284100e-03
99.670410	1.4518941496e-03
99.731445	1.4503629138e-03
99.792480	1.3041088243e-03
99.853516	1.2123542974e-03
99.914551	2.1869183786e-03
99.975586	2.8004364454e-03
100.036621	2.8439829037e-03
100.097656	2.9635120970e-03
100.158691	2.9260489821e-03
100.219727	1.7287686691e-03
100.280762	9.2446113009e-04
100.341797	1.1644910203e-03
100.402832	1.2105463189e-03
100.463867	1.4376063931e-03
100.524902	1.5759596663e-03
100.585938	1.8519230084e-03
100.646973	1.7209345869e-03
100.708008	1.7934029551e-03
100.769043	1.7460580963e-03
100.830078	1.5394468296e-03
100.891113	1.2792165415e-03
100.952148	1.1713492981e-03
101.013184	1.1187373260e-03
101.074219	1.0379118666e-03
101.135254	1.0570019183e-03
101.196289	1.1806577708e-03
101.257324	9.7747559538e-04
101.318359	8.7334018629e-04
101.379395	8.6294440514e-04
101.440430	8.9281123893e-04
101.501465	8.8065919381e-04
101.562500	8.9890669557e-04
101.623535	1.0212725124e-03
101.684570	9.0950522531e-04
101.745605	8.5833010422e-04
101.806641	8.0638836966e-04
101.867676	1.0578197023e-03
101.928711	9.1817917107e-04
101.989746	1.1334019573e-03
102.050781	1.2275220424e-03
102.111816	1.2200027339e-03
102.172852	1.0874628039e-03
102.233887	1.0523190949e-03
102.294922	8.5507787991e-04
102.355957	7.9119476786e-04
102.416992	7.1387119274e-04
102.478027	5.9488154499e-04
102.539062	5.9792199649e-04
102.600098	5.1932100574e-04
102.661133	5.3717594933e-04
102.722168	5.7488922805e-04
102.783203	5.9583571193e-04
102.844238	7.0117800328e-04
102.905273	8.6131629598e-04
102.966309	8.7909071985e-04
103.027344	8.1163517303e-04
103.088379	9.6262922863e-04
103.149414	9.1727112274e-04
103.210449	8.6186271333e-04
103.271484	7.3428815641e-04
103.332520	7.6677943362e-04
103.393555	6.4598629851e-04
103.454590	5.4329662572e-04
103.515625	5.4790971932e-04
103.576660	5.2978479815e-04
103.637695	4.5609717895e-04
103.698730	6.2881148984e-04
103.759766	6.4140627720e-04
103.820801	6.6273018806e-04
103.881836	7.3848784875e-04
103.942871	9.1482005697e-04
104.003906	7.0278964756e-04
104.064941	8.2235627295e-04
104.125977	9.8835474220e-04
104.187012	1.0328239516e-03
104.248047	8.8935760196e-04
104.309082	9.3172848092e-04
104.370117	8.0117222197e-04
104.431152	6.3567739892e-04
104.492188	7.3463552304e-04
104.553223	8.0402575895e-04
104.614258	1.0913688314e-03
104.675293	1.1314515117e-03
104.736328	1.0772396088e-03
104.797363	8.6852829478e-04
104.858398	8.8662977876e-04
104.919434	5.8524917057e-04
104.980469	5.6403564381e-04
105.041504	6.3736870646e-04
105.102539	7.2517931570e-04
105.163574	8.1813609964e-04
105.224609	8.0713820782e-04
105.285645	8.3652454493e-04
105.346680	7.1311325845e-04
105.407715	6.9301887747e-04
105.468750	7.2302348533e-04
105.529785	7.4775617398e-04
105.590820	7.3245550060e-04
105.651855	7.9472163208e-04
105.712891	6.7959253024e-04
105.773926	4.6852347277e-04
105.834961	6.6787501747e-04
105.895996	6.7435230253e-04
105.957031	6.9090582519e-04
106.018066	7.8838830642e-04
106.079102	8.0587762978e-04
106.140137	6.0644598929e-04
106.201172	7.0832735471e-04
106.262207	7.8035423637e-04
106.323242	7.8533039631e-04
106.384277	8.3097733530e-04
106.445312	7.5345918877e-04
106.506348	6.6995078074e-04
106.567383	6.0048527377e-04
106.628418	5.4821022682e-04
106.689453	4.4089654970e-04
106.750488	5.8689121145e-04
106.811523	6.2390458566e-04
106.872559	5.4082630619e-04
106.933594	5.4395224641e-04
106.994629	7.7211969243e-04
107.055664	7.8781183634e-04
107.116699	7.2573478105e-04
107.177734	7.5920635649e-04
107.238770	7.2413555758e-04
107.299805	4.7571899735e-04
107.360840	3.0612267926e-04
107.421875	2.7693250595e-04
107.482910	2.8408846542e-04
107.543945	3.9036537037e-04
107.604980	6.5618158338e-04
107.666016	6.8784557463e-04
107.727051	8.9146230992e-04
107.788086	8.4569478185e-04
107.849121	8.3063688390e-04
107.910156	6.1313207930e-04
107.971191	5.9715058538e-04
108.032227	3.8644537243e-04
108.093262	5.3587850886e-04
108.154297	6.2887644380e-04
108.215332	7.8638532205e-04
108.276367	8.6095444338e-04
108.337402	9.3321244771e-04
108.398438	8.5188330463e-04
108.459473	6.4809709688e-04
108.520508	4.9635607389e-04
108.581543	5.4294195108e-04
108.642578	6.4767691822e-04
108.703613	6.8865228589e-04
108.764648	7.3503381973e-04
108.825684	7.7720646888e-04
108.886719	8.2822647485e-04
108.947754	6.7866649312e-04
109.008789	6.5156451800e-04
109.069824	7.1993496506e-04
109.130859	7.4881897907e-04
109.191895	7.0254968480e-04
109.252930	6.7467580215e-04
109.313965	7.7150609080e-04
109.375000	7.4088187938e-04
109.436035	7.1667214819e-04
109.497070	6.2235787704e-04
109.558105	7.2409029350e-04
109.619141	5.8187183281e-04
109.680176	6.0507907902e-04
109.741211	8.3436506164e-04
109.802246	8.4338367631e-04
109.863281	8.7916079153e-04
109.924316	9.7284597268e-04
109.985352	9.3386192609e-04
110.046387	7.8774126955e-04
110.107422	1.0903941205e-03
110.168457	1.0055859461e-03
110.229492	9.3013857211e-04
110.290527	1.1308390852e-03
110.351562	1.0685877887e-03
110.412598	7.8826954324e-04
110.473633	9.1908211996e-04
110.534668	8.6810534351e-04
110.595703	6.9444035939e-04
110.656738	6.4190780787e-04
110.717773	6.3922137217e-04
110.778809	7.0375800136e-04
110.839844	7.6207896469e-04
110.900879	1.0327940971e-03
110.961914	1.0469881756e-03
111.022949	1.1613905370e-03
111.083984	1.0259241508e-03
111.145020	1.0591510416e-03
111.206055	9.2329447086e-04
111.267090	8.8431445148e-04
111.328125	7.9411237082e-04
111.389160	7.5188162799e-04
111.450195	8.0240077621e-04
111.511230	6.6027649702e-04
111.572266	7.1098301525e-04
111.633301	6.2255140373e-04
111.694336	6.2473915543e-04
111.755371	4.9395918780e-04
111.816406	6.9040069798e-04
111.877441	6.4623824934e-04
111.938477	6.5245755933e-04
111.999512	6.5297105208e-04
112.060547	7.5155580482e-04
112.121582	6.6502671832e-04
112.182617	8.0515013023e-04
112.243652	8.4159569849e-04
112.304688	8.2513713657e-04
112.365723	8.7609356457e-04
112.426758	7.5897057163e-04
112.487793	6.6267344664e-04
112.548828	7.6392553513e-04
112.609863	7.6413232655e-04
112.670898	7.1400138372e-04
112.731934	7.9035209524e-04
112.792969	7.4864161181e-04
112.854004	9.0832389012e-04
112.915039	8.7757685557e-04
112.976074	8.0284990056e-04
113.037109	7.3155376033e-04
113.098145	7.4109257876e-04
113.159180	6.1958546047e-04
113.220215	5.9679611306e-04
113.281250	7.2982471315e-04
113.342285	6.9617461363e-04
113.403320	7.3833130957e-04
113.464355	6.6239516037e-04
113.525391	8.1440830541e-04
113.586426	6.4179190141e-04
113.647461	7.8946571886e-04
113.708496	7.7306048175e-04
113.769531	7.4612371085e-04
113.830566	8.7248760100e-04
113.891602	8.7441862553e-04
113.952637	8.5694697519e-04
114.013672	8.9952262656e-04
114.074707	8.5502109456e-04
114.135742	7.0572712354e-04
114.196777	8.1820155687e-04
114.257812	8.5056101556e-04
114.318848	9.2292792373e-04
114.379883	1.0582080303e-03
114.440918	1.0302735966e-03
114.501953	1.0066273808e-03
114.562988	9.2912597716e-04
114.624023	8.8995961701e-04
114.685059	8.2013820785e-04
114.746094	7.9680286651e-04
114.807129	8.3681660696e-04
114.868164	8.6993146146e-04
114.929199	1.0319343384e-03
114.990234	1.1752900522e-03
115.051270	1.2290872424e-03
115.112305	1.2754464247e-03
115.173340	1.2685053010e-03
115.234375	1.0294675813e-03
115.295410	8.9661337289e-04
115.356445	8.4197541055e-04
115.417480	6.7821048264e-04
115.478516	7.4397298665e-04
115.539551	7.5347475569e-04
115.600586	7.7228623318e-04
115.661621	8.0583889252e-04
115.722656	9.2784490296e-04
115.783691	7.1341094077e-04
115.844727	6.9656277187e-04
115.905762	5.3105651151e-04
115.966797	4.1114928752e-04
116.027832	2.7559854285e-04
116.088867	3.4772716257e-04
116.149902	3.1261153193e-04
116.210938	4.6889098527e-04
116.271973	5.9322728161e-04
116.333008	6.8671217895e-04
116.394043	8.4097393964e-04
116.455078	9.3740330364e-04
116.516113	8.3166090449e-04
116.577148	8.5660151947e-04
116.638184	9.8729670311e-04
116.699219	8.8397450397e-04
116.760254	7.7931748659e-04
116.821289	8.6189459450e-04
116.882324	7.4245782525e-04
116.943359	5.3810659152e-04
117.004395	5.0345699538e-04
117.065430	5.0834828866e-04
117.126465	5.1508450567e-04
117.187500	6.2174919772e-04
117.248535	5.9102376951e-04
117.309570	6.4574071675e-04
117.370605	7.0069890067e-04
117.431641	6.0613913488e-04
117.492676	4.6011458670e-04
117.553711	5.9330868792e-04
117.614746	5.3891869011e-04
117.675781	5.5217407638e-04
117.736816	5.2393858525e-04
117.797852	5.2023109952e-04
117.858887	4.2752701010e-04
117.919922	4.7144967425e-04
117.980957	4.2791398917e-04
118.041992	5.7786063832e-04
118.103027	6.5887778129e-04
118.164062	6.6430322931e-04
118.225098	5.7459566215e-04
118.286133	5.3306058760e-04
118.347168	5.2427033135e-04
118.408203	5.1120361869e-04
118.469238	6.7186635601e-04
118.530273	7.4452350341e-04
118.591309	8.3132351776e-04
118.652344	7.2849257210e-04
118.713379	7.5630741985e-04
118.774414	6.5418494949e-04
118.835449	6.2664508757e-04
118.896484	6.3230407127e-04
118.957520	6.9256281782e-04
119.018555	6.5491846509e-04
119.079590	6.0945365445e-04
119.140625	6.8373956642e-04
119.201660	5.6742766850e-04
119.262695	5.2920906227e-04
119.323730	6.2881765272e-04
119.384766	6.6121557451e-04
119.445801	5.8529276033e-04
119.506836	6.9135077439e-04
119.567871	6.8023409237e-04
119.628906	9.3748511566e-04
119.689941	9.7475441958e-04
119.750977	9.4232419133e-04
119.812012	9.3222834272e-04
119.873047	9.9523096980e-04
119.934082	7.8183566736e-04
119.995117	7.5272665108e-04
120.056152	7.9442395478e-04
120.117188	7.9323796572e-04
120.178223	7.5280989463e-04
120.239258	6.4594627387e-04
120.300293	7.0641080843e-04
120.361328	6.6098575133e-04
120.422363	7.4161380615e-04
120.483398	7.6404072495e-04
120.544434	9.0588063331e-04
120.605469	8.0216550498e-04
120.666504	8.5417240093e-04
120.727539	9.8381032112e-04
120.788574	1.0177002877e-03
120.849609	8.3530891886e-04
120.910645	8.1162126088e-04
120.971680	7.3051001388e-04
121.032715	4.8751695357e-04
121.093750	4.0193247652e-04
121.154785	4.0012572292e-04
121.215820	4.6160745922e-04
121.276855	5.1401176093e-04
121.337891	5.1500701440e-04
121.398926	5.4117010730e-04
121.459961	5.1143782169e-04
121.520996	5.7536178998e-04
121.582031	5.7271822129e-04
121.643066	7.8041556395e-04
121.704102	8.3451126110e-04
121.765137	9.1262063138e-04
121.826172	1.1464408543e-03
121.887207	1.2049461132e-03
121.948242	9.9616086487e-04
122.009277	9.9904799226e-04
122.070312	1.0446576391e-03
122.131348	7.6054509662e-04
122.192383	7.7956804155e-04
122.253418	7.4948096100e-04
122.314453	7.0729055376e-04
122.375488	6.5346968132e-04
122.436523	6.4995664375e-04
122.497559	6.2643440097e-04
122.558594	6.7594222010e-04
122.619629	7.0797896806e-04
122.680664	7.0319521715e-04
122.741699	6.8854927183e-04
122.802734	6.1127704875e-04
122.863770	6.9278028054e-04
122.924805	9.1541921610e-04
122.985840	8.5505966873e-04
123.046875	7.9243567306e-04
123.107910	8.6150173314e-04
123.168945	8.5337907138e-04
123.229980	5.7469102908e-04
123.291016	5.9020316222e-04
123.352051	6.7735850005e-04
123.413086	6.8398002578e-04
123.474121	6.7719684893e-04
123.535156	6.9169859701e-04
123.596191	7.3690210674e-04
123.657227	6.4486796710e-04
123.718262	6.2129523148e-04
123.779297	4.9263726907e-04
123.840332	4.6326497059e-04
123.901367	3.8771975069e-04
123.962402	4.6362933673e-04
124.023438	6.5307375159e-04
124.084473	7.0855602043e-04
124.145508	8.4248686300e-04
124.206543	9.2968662152e-04
124.267578	9.5292913728e-04
124.328613	7.4217606435e-04
124.389648	7.3328695602e-04
124.450684	7.0903056604e-04
124.511719	6.2906758786e-04
124.572754	6.7583499535e-04
124.633789	7.3465239442e-04
124.694824	7.1444636718e-04
124.755859	6.2588280848e-04
124.816895	5.7150611701e-04
124.877930	3.6110155192e-04
