0	0
0.0610352	0.000431555
0.12207	0.000686822
0.183105	0.00081786
0.244141	0.00109666
0.305176	0.000869678
0.366211	0.000864512
0.427246	0.000994232
0.488281	0.000838925
0.549316	0.000752617
0.610352	0.000669821
0.671387	0.000726708
0.732422	0.000920151
0.793457	0.000969292
0.854492	0.000960129
0.915527	0.00115995
0.976562	0.00139924
1.0376	0.0014774
1.09863	0.00167778
1.15967	0.0021379
1.2207	0.00244101
1.28174	0.00236551
1.34277	0.00248062
1.40381	0.00248766
1.46484	0.00245924
1.52588	0.00214322
1.58691	0.00283881
1.64795	0.00351139
1.70898	0.00354736
1.77002	0.00362925
1.83105	0.00439352
1.89209	0.00419836
1.95312	0.00381626
2.01416	0.00416547
2.0752	0.00452263
2.13623	0.0038944
2.19727	0.003767
2.2583	0.00450613
2.31934	0.0046487
2.38037	0.00514429
2.44141	0.00654379
2.50244	0.00692048
2.56348	0.00560394
2.62451	0.00576163
2.68555	0.00645766
2.74658	0.00513542
2.80762	0.00577591
2.86865	0.0072451
2.92969	0.00813565
2.99072	0.00711571
3.05176	0.00753116
3.11279	0.00717986
3.17383	0.00817507
3.23486	0.00768961
3.2959	0.00726944
3.35693	0.00754821
3.41797	0.00714377
3.479	0.00618102
3.54004	0.00843591
3.60107	0.00847309
3.66211	0.0107705
3.72314	0.0114306
3.78418	0.0114898
3.84521	0.00944876
3.90625	0.0118104
3.96729	0.0103917
4.02832	0.0116764
4.08936	0.0142809
4.15039	0.0143255
4.21143	0.014205
4.27246	0.0167015
4.3335	0.0189129
4.39453	0.016947
4.45557	0.0169764
4.5166	0.023678
4.57764	0.0232061
4.63867	0.02128
4.69971	0.0272719
4.76074	0.0308947
4.82178	0.027856
4.88281	0.0270265
4.94385	0.0298121
5.00488	0.0255049
5.06592	0.0226595
5.12695	0.0222217
5.18799	0.0278848
5.24902	0.024447
5.31006	0.0213796
5.37109	0.0225886
5.43213	0.0181055
5.49316	0.0117836
5.5542	0.0153402
5.61523	0.0182246
5.67627	0.018776
5.7373	0.0236658
5.79834	0.0315073
5.85938	0.0300995
5.92041	0.0334444
5.98145	0.0402523
6.04248	0.0403008
6.10352	0.0349723
6.16455	0.043498
6.22559	0.0430935
6.28662	0.0364969
6.34766	0.0370017
6.40869	0.0357631
6.46973	0.0269377
6.53076	0.0282205
6.5918	0.027598
6.65283	0.0218843
6.71387	0.0227154
6.7749	0.0310661
6.83594	0.0262432
6.89697	0.0268291
6.95801	0.0337019
7.01904	0.0363891
7.08008	0.0288204
7.14111	0.03287
7.20215	0.0358774
7.26318	0.0283102
7.32422	0.0340024
7.38525	0.0424816
7.44629	0.0388105
7.50732	0.0515785
7.56836	0.0578314
7.62939	0.0538167
7.69043	0.0495291
7.75146	0.0533417
7.8125	0.0452575
7.87354	0.0440196
7.93457	0.0407544
7.99561	0.0360819
8.05664	0.0519959
8.11768	0.0527802
8.17871	0.0609182
8.23975	0.0582661
8.30078	0.0630347
8.36182	0.0474996
8.42285	0.0457092
8.48389	0.0436846
8.54492	0.0483086
8.60596	0.06546
8.66699	0.0711986
8.72803	0.0792404
8.78906	0.0782807
8.8501	0.0974822
8.91113	0.0908442
8.97217	0.0906353
9.0332	0.0840233
9.09424	0.0795718
9.15527	0.0733756
9.21631	0.0677937
9.27734	0.0754005
9.33838	0.075279
9.39941	0.0877689
9.46045	0.0887854
9.52148	0.0958294
9.58252	0.0771497
9.64355	0.0804815
9.70459	0.0718362
9.76562	0.0627595
9.82666	0.0575441
9.8877	0.0621405
9.94873	0.0740774
10.0098	0.0730863
10.0708	0.0731183
10.1318	0.0641352
10.1929	0.0636077
10.2539	0.065111
10.3149	0.0701557
10.376	0.0784273
10.437	0.0883426
10.498	0.0930064
10.5591	0.0799598
10.6201	0.0938406
10.6812	0.116408
10.7422	0.116556
10.8032	0.11698
10.8643	0.117451
10.9253	0.10395
10.9863	0.0883722
11.0474	0.0990538
11.1084	0.100927
11.1694	0.101521
11.2305	0.0984832
11.2915	0.0799407
11.3525	0.0592752
11.4136	0.0806767
11.4746	0.0907989
11.5356	0.140894
11.5967	0.157461
11.6577	0.202183
11.7188	0.185714
11.7798	0.20142
11.8408	0.172365
11.9019	0.167804
11.9629	0.142284
12.0239	0.149094
12.085	0.125966
12.146	0.10347
12.207	0.139823
12.2681	0.128925
12.3291	0.126745
12.3901	0.12751
12.4512	0.16077
12.5122	0.121143
12.5732	0.128357
12.6343	0.145526
12.6953	0.148347
12.7563	0.130765
12.8174	0.15454
12.8784	0.193888
12.9395	0.187091
13.0005	0.188226
13.0615	0.192437
13.1226	0.177902
13.1836	0.183249
13.2446	0.166025
13.3057	0.174842
13.3667	0.167844
13.4277	0.159639
13.4888	0.12296
13.5498	0.171192
13.6108	0.164067
13.6719	0.167074
13.7329	0.154433
13.7939	0.146472
13.855	0.131377
13.916	0.1444
13.9771	0.147947
14.0381	0.148883
14.0991	0.148438
14.1602	0.116956
14.2212	0.0979359
14.2822	0.102573
14.3433	0.133467
14.4043	0.143026
14.4653	0.1859
14.5264	0.270918
14.5874	0.260752
14.6484	0.250962
14.7095	0.287668
14.7705	0.24664
14.8315	0.169654
14.8926	0.186093
14.9536	0.255224
15.0146	0.28033
15.0757	0.294754
15.1367	0.282951
15.1978	0.262101
15.2588	0.197034
15.3198	0.122746
15.3809	0.14569
15.4419	0.170801
15.5029	0.220692
15.564	0.233743
15.625	0.265125
15.686	0.283392
15.7471	0.311381
15.8081	0.257815
15.8691	0.237529
15.9302	0.215055
15.9912	0.168605
16.0522	0.156239
16.1133	0.190175
16.1743	0.24605
16.2354	0.247871
16.2964	0.240448
16.3574	0.209766
16.4185	0.18753
16.4795	0.159408
16.5405	0.131882
16.6016	0.258193
16.6626	0.284934
16.7236	0.304324
16.7847	0.286635
16.8457	0.300294
16.9067	0.215516
16.9678	0.215797
17.0288	0.197861
17.0898	0.224608
17.1509	0.270405
17.2119	0.239416
17.2729	0.220974
17.334	0.268518
17.395	0.307151
17.4561	0.280159
17.5171	0.318798
17.5781	0.322763
17.6392	0.321033
17.7002	0.261617
17.7612	0.310277
17.8223	0.302498
17.8833	0.29918
17.9443	0.313304
18.0054	0.313914
18.0664	0.295119
18.1274	0.300779
18.1885	0.298108
18.2495	0.379715
18.3105	0.414823
18.3716	0.427905
18.4326	0.4286
18.4937	0.585054
18.5547	0.526643
18.6157	0.505963
18.6768	0.482525
18.7378	0.459711
18.7988	0.338221
18.8599	0.331416
18.9209	0.328803
18.9819	0.331265
19.043	0.345409
19.104	0.336457
19.165	0.316571
19.2261	0.317507
19.2871	0.406986
19.3481	0.427091
19.4092	0.428549
19.4702	0.387231
19.5312	0.423408
19.5923	0.342291
19.6533	0.308809
19.7144	0.321019
19.7754	0.40655
19.8364	0.394767
19.8975	0.359167
19.9585	0.373759
20.0195	0.399027
20.0806	0.356408
20.1416	0.350113
20.2026	0.449678
20.2637	0.488024
20.3247	0.448639
20.3857	0.534473
20.4468	0.556614
20.5078	0.496824
20.5688	0.511579
20.6299	0.526776
20.6909	0.402473
20.752	0.479444
20.813	0.464433
20.874	0.44553
20.9351	0.477956
20.9961	0.472878
21.0571	0.354671
21.1182	0.364041
21.1792	0.420885
21.2402	0.398771
21.3013	0.494768
21.3623	0.626902
21.4233	0.678324
21.4844	0.592815
21.5454	0.684292
21.6064	0.650424
21.6675	0.578041
21.7285	0.531188
21.7896	0.521316
21.8506	0.467389
21.9116	0.411422
21.9727	0.361605
22.0337	0.387812
22.0947	0.419234
22.1558	0.482374
22.2168	0.683911
22.2778	0.767838
22.3389	0.995551
22.3999	1.10337
22.4609	1.05458
22.522	1.05797
22.583	0.968775
22.644	0.724503
22.7051	0.62865
22.7661	0.675876
22.8271	0.615676
22.8882	0.702783
22.9492	0.749058
23.0103	0.789182
23.0713	0.70737
23.1323	0.682697
23.1934	0.73058
23.2544	0.756284
23.3154	0.732631
23.3765	0.804556
23.4375	0.701387
23.4985	0.560378
23.5596	0.61104
23.6206	0.80494
23.6816	0.718276
23.7427	0.806756
23.8037	0.819952
23.8647	0.70389
23.9258	0.437256
23.9868	0.444461
24.0479	0.386996
24.1089	0.367186
24.1699	0.359931
24.231	0.482252
24.292	0.665918
24.353	0.638923
24.4141	0.722531
24.4751	0.717791
24.5361	0.780092
24.5972	0.709276
24.6582	0.686285
24.7192	0.706201
24.7803	0.738789
24.8413	0.647501
24.9023	0.510062
24.9634	0.571528
25.0244	0.511838
25.0854	0.695614
25.1465	0.643684
25.2075	0.702793
25.2686	0.741749
25.3296	0.847308
25.3906	0.656219
25.4517	0.637956
25.5127	0.784488
25.5737	0.754936
25.6348	0.716136
25.6958	0.812102
25.7568	0.852069
25.8179	0.778725
25.8789	0.728009
25.9399	0.729439
26.001	0.570894
26.062	0.640073
26.123	0.547465
26.1841	0.893974
26.2451	0.935494
26.3062	1.13801
26.3672	1.1888
26.4282	1.44472
26.4893	1.14035
26.5503	1.13502
26.6113	1.00611
26.6724	0.886495
26.7334	0.763172
26.7944	0.735506
26.8555	0.681794
26.9165	0.686805
26.9775	0.89926
27.0386	0.807167
27.0996	0.766804
27.1606	0.776003
27.2217	0.817205
27.2827	0.641548
27.3438	0.687823
27.4048	0.853451
27.4658	0.959119
27.5269	1.06327
27.5879	1.18841
27.6489	1.10201
27.71	1.07215
27.771	0.879543
27.832	0.8699
27.8931	0.79898
27.9541	0.735668
28.0151	0.753356
28.0762	1.05523
28.1372	0.936108
28.1982	0.984817
28.2593	1.27055
28.3203	1.2874
28.3813	1.21697
28.4424	1.42321
28.5034	1.35371
28.5645	1.1995
28.6255	1.36511
28.6865	1.21731
28.7476	1.12088
28.8086	0.996704
28.8696	1.23757
28.9307	0.911528
28.9917	1.01472
29.0527	0.93657
29.1138	1.10741
29.1748	0.910238
29.2358	0.970246
29.2969	1.10682
29.3579	1.23494
29.4189	1.10453
29.48	0.967263
29.541	1.01735
29.6021	0.912992
29.6631	0.848526
29.7241	0.882502
29.7852	0.915836
29.8462	1.03567
29.9072	1.07436
29.9683	1.00277
30.0293	1.25437
30.0903	1.28886
30.1514	1.22517
30.2124	1.07902
30.2734	1.23537
30.3345	1.12585
30.3955	1.11618
30.4565	1.0301
30.5176	0.988798
30.5786	0.905561
30.6396	0.879468
30.7007	1.02407
30.7617	1.03702
30.8228	1.10246
30.8838	1.27612
30.9448	1.38426
31.0059	1.3836
31.0669	1.586
31.1279	1.4704
31.189	1.30425
31.25	1.19573
31.311	1.01977
31.3721	0.850118
31.4331	1.08876
31.4941	0.908457
31.5552	0.910746
31.6162	0.928286
31.6772	0.921261
31.7383	0.755284
31.7993	0.893676
31.8604	0.802581
31.9214	0.886279
31.9824	0.895205
32.0435	0.977834
32.1045	0.909256
32.1655	1.14964
32.2266	1.46192
32.2876	1.42263
32.3486	1.34686
32.4097	1.43735
32.4707	1.14012
32.5317	0.869925
32.5928	0.830751
32.6538	0.810922
32.7148	0.661606
32.7759	1.00866
32.8369	0.932953
32.8979	1.00499
32.959	1.10475
33.02	1.25197
33.0811	1.1384
33.1421	1.33663
33.2031	1.32047
33.2642	1.21615
33.3252	1.22195
33.3862	0.958067
33.4473	0.771423
33.5083	0.75357
33.5693	1.04155
33.6304	1.03288
33.6914	1.34184
33.7524	1.4101
33.8135	1.45817
33.8745	1.25889
33.9355	1.23951
33.9966	1.02788
34.0576	0.927456
34.1187	1.05625
34.1797	1.0143
34.2407	0.90225
34.3018	1.14371
34.3628	1.2829
34.4238	1.15764
34.4849	1.33467
34.5459	1.46593
34.6069	1.50964
34.668	1.63143
34.729	1.82932
34.79	1.8484
34.8511	1.79381
34.9121	1.55262
34.9731	1.23902
35.0342	1.1678
35.0952	1.09201
35.1562	1.28322
35.2173	1.41692
35.2783	1.49171
35.3394	1.79022
35.4004	1.91271
35.4614	2.20718
35.5225	2.52794
35.5835	2.86889
35.6445	2.6352
35.7056	2.58375
35.7666	2.61056
35.8276	2.28957
35.8887	2.18224
35.9497	2.2832
36.0107	2.22882
36.0718	1.80071
36.1328	2.19196
36.1938	1.97357
36.2549	1.76812
36.3159	1.65531
36.377	1.7741
36.438	1.13227
36.499	1.38996
36.5601	1.34559
36.6211	1.71421
36.6821	1.63188
36.7432	2.21452
36.8042	2.53191
36.8652	2.8248
36.9263	2.77233
36.9873	2.79653
37.0483	2.66515
37.1094	2.16241
37.1704	2.38793
37.2314	2.12393
37.2925	2.35745
37.3535	2.12652
37.4146	2.17656
37.4756	1.81459
37.5366	1.91443
37.5977	1.93495
37.6587	1.81767
37.7197	2.14986
37.7808	2.1446
37.8418	2.44156
37.9028	2.28183
37.9639	2.39939
38.0249	2.10909
38.0859	2.30163
38.147	1.87803
38.208	1.76723
38.269	1.84501
38.3301	1.85047
38.3911	1.58957
38.4521	2.07651
38.5132	2.35591
38.5742	2.46075
38.6353	3.1256
38.6963	3.73913
38.7573	3.85119
38.8184	3.50948
38.8794	3.87419
38.9404	3.26119
39.0015	3.03626
39.0625	2.60622
39.1235	3.16866
39.1846	2.61198
39.2456	2.70408
39.3066	2.34184
39.3677	2.19304
39.4287	1.76449
39.4897	1.69566
39.5508	1.46788
39.6118	1.71964
39.6729	2.19296
39.7339	2.42592
39.7949	2.97781
39.856	3.0707
39.917	3.6064
39.978	3.35074
40.0391	3.06409
40.1001	2.97683
40.1611	3.31771
40.2222	3.02623
40.2832	3.09978
40.3442	3.20241
40.4053	2.70037
40.4663	2.21433
40.5273	1.90514
40.5884	1.74683
40.6494	2.06152
40.7104	2.0493
40.7715	2.42598
40.8325	2.3499
40.8936	2.37259
40.9546	2.9199
41.0156	3.89531
41.0767	3.58203
41.1377	3.4356
41.1987	3.14109
41.2598	2.12489
41.3208	1.10982
41.3818	1.12579
41.4429	1.04705
41.5039	1.4501
41.5649	1.4866
41.626	1.56358
41.687	1.68764
41.748	1.92304
41.8091	1.60235
41.8701	2.15516
41.9312	2.13592
41.9922	2.13078
42.0532	2.08217
42.1143	2.33039
42.1753	1.54929
42.2363	1.81703
42.2974	1.75506
42.3584	1.73038
42.4194	1.8939
42.4805	2.35072
42.5415	2.29732
42.6025	2.43423
42.6636	2.33132
42.7246	2.33095
42.7856	2.30503
42.8467	2.27062
42.9077	2.1415
42.9688	2.59324
43.0298	2.30024
43.0908	2.64947
43.1519	2.62254
43.2129	2.9933
43.2739	3.04473
43.335	2.97785
43.396	2.71355
43.457	2.66801
43.5181	2.2237
43.5791	1.78484
43.6401	2.2774
43.7012	2.76096
43.7622	2.64413
43.8232	3.18861
43.8843	3.30193
43.9453	2.81111
44.0063	1.91158
44.0674	1.91495
44.1284	1.68741
44.1895	1.49961
44.2505	1.42292
44.3115	2.33236
44.3726	2.56296
44.4336	3.02396
44.4946	3.19253
44.5557	3.43413
44.6167	2.91998
44.6777	2.94711
44.7388	4.50135
44.7998	4.69269
44.8608	6.1658
44.9219	6.39972
44.9829	6.40614
45.0439	3.94663
45.105	3.84587
45.166	2.26069
45.2271	1.94662
45.2881	1.9751
45.3491	2.32179
45.4102	2.38936
45.4712	2.49619
45.5322	2.35513
45.5933	2.32188
45.6543	2.28195
45.7153	2.13299
45.7764	2.55728
45.8374	3.16165
45.8984	3.4529
45.9595	3.46552
46.0205	3.50887
46.0815	3.22173
46.1426	2.88771
46.2036	2.74888
46.2646	3.14469
46.3257	3.15438
46.3867	2.99779
46.4478	2.72101
46.5088	2.48956
46.5698	2.16439
46.6309	2.96987
46.6919	3.57115
46.7529	4.41724
46.814	4.38643
46.875	4.2445
46.936	3.96941
46.9971	3.52754
47.0581	2.81241
47.1191	3.23544
47.1802	3.12869
47.2412	2.26181
47.3022	2.7973
47.3633	2.88693
47.4243	3.19401
47.4854	3.67607
47.5464	3.99912
47.6074	3.6075
47.6685	3.87756
47.7295	4.03834
47.7905	3.52008
47.8516	3.83047
47.9126	3.51366
47.9736	3.67786
48.0347	2.89752
48.0957	3.09341
48.1567	2.78643
48.2178	2.81978
48.2788	2.51422
48.3398	2.38529
48.4009	2.38148
48.4619	2.58393
48.5229	2.45062
48.584	2.01999
48.645	2.06254
48.7061	2.15615
48.7671	2.08869
48.8281	2.05275
48.8892	2.71184
48.9502	2.58624
49.0112	3.14508
49.0723	3.34975
49.1333	3.42927
49.1943	4.30177
49.2554	4.95899
49.3164	5.08002
49.3774	6.82702
49.4385	9.21561
49.4995	9.57968
49.5605	14.5316
49.6216	20.0421
49.6826	62.0687
49.7437	138.831
49.8047	178.345
49.8657	178.051
49.9268	174.646
49.9878	131.448
50.0488	53.5955
50.1099	12.8405
50.1709	8.74015
50.2319	6.5829
50.293	6.14542
50.354	4.6113
50.415	4.80648
50.4761	4.05131
50.5371	3.70128
50.5981	3.23253
50.6592	3.41228
50.7202	2.64001
50.7812	2.84718
50.8423	3.22835
50.9033	3.00392
50.9644	2.94788
51.0254	3.23855
51.0864	3.34846
51.1475	3.21276
51.2085	3.71003
51.2695	3.75359
51.3306	3.57568
51.3916	3.51217
51.4526	3.22099
51.5137	2.90865
51.5747	2.47724
51.6357	2.20405
51.6968	2.09452
51.7578	2.04493
51.8188	2.22488
51.8799	2.48526
51.9409	3.1704
52.002	3.47612
52.063	3.66596
52.124	4.28808
52.1851	4.79871
52.2461	4.79826
52.3071	4.54516
52.3682	4.60343
52.4292	4.03864
52.4902	5.24398
52.5513	5.50409
52.6123	6.49721
52.6733	6.54305
52.7344	7.71758
52.7954	7.75903
52.8564	7.59683
52.9175	7.84798
52.9785	8.65869
53.0396	7.39984
53.1006	6.39935
53.1616	6.90272
53.2227	5.9999
53.2837	5.04326
53.3447	4.81676
53.4058	3.82047
53.4668	2.68702
53.5278	2.20351
53.5889	1.98514
53.6499	1.9618
53.7109	2.52755
53.772	2.93084
53.833	2.87068
53.894	3.26786
53.9551	3.34157
54.0161	2.77838
54.0771	2.43062
54.1382	2.70752
54.1992	2.56875
54.2603	3.34852
54.3213	4.44705
54.3823	4.70389
54.4434	4.55831
54.5044	5.20865
54.5654	4.54037
54.6265	3.85773
54.6875	3.7081
54.7485	4.57892
54.8096	4.19223
54.8706	3.7395
54.9316	3.50428
54.9927	3.48479
55.0537	3.03968
55.1147	2.6816
55.1758	3.76625
55.2368	3.39949
55.2979	4.11164
55.3589	3.63811
55.4199	4.09234
55.481	3.18725
55.542	4.32159
55.603	3.59581
55.6641	4.25738
55.7251	4.60149
55.7861	4.53649
55.8472	4.4742
55.9082	4.74696
55.9692	4.09696
56.0303	3.2361
56.0913	3.21587
56.1523	2.30769
56.2134	1.94282
56.2744	2.30289
56.3354	2.27388
56.3965	2.46014
56.4575	2.46981
56.5186	2.46911
56.5796	2.43328
56.6406	3.58254
56.7017	4.24687
56.7627	4.46807
56.8237	5.36314
56.8848	6.4559
56.9458	5.26239
57.0068	5.04665
57.0679	4.91643
57.1289	5.11542
57.1899	3.72748
57.251	5.08809
57.312	5.18571
57.373	7.47236
57.4341	7.47288
57.4951	8.27125
57.5562	8.36641
57.6172	7.90896
57.6782	6.5038
57.7393	5.47338
57.8003	4.98143
57.8613	4.04431
57.9224	4.56942
57.9834	4.09402
58.0444	4.1631
58.1055	3.99256
58.1665	3.72557
58.2275	2.93145
58.2886	2.57849
58.3496	2.60362
58.4106	2.50355
58.4717	2.2932
58.5327	3.48241
58.5938	3.88436
58.6548	4.15519
58.7158	4.52819
58.7769	4.82622
58.8379	4.25698
58.8989	4.76027
58.96	5.586
59.021	4.94976
59.082	5.85301
59.1431	5.77644
59.2041	4.8136
59.2651	3.80676
59.3262	5.50356
59.3872	4.7666
59.4482	4.68666
59.5093	4.77753
59.5703	5.95943
59.6313	4.86574
59.6924	5.2985
59.7534	5.66098
59.8145	5.84454
59.8755	5.44415
59.9365	5.83111
59.9976	5.181
60.0586	5.25918
60.1196	5.81892
60.1807	6.10907
60.2417	5.53962
60.3027	5.49727
60.3638	6.18669
60.4248	7.29061
60.4858	7.136
60.5469	7.56342
60.6079	9.2036
60.6689	8.01353
60.73	7.14031
60.791	6.28508
60.8521	5.76493
60.9131	4.56404
60.9741	5.28697
61.0352	5.19437
61.0962	5.23177
61.1572	5.38538
61.2183	5.04148
61.2793	5.76894
61.3403	4.6237
61.4014	6.58767
61.4624	10.2988
61.5234	12.7991
61.5845	12.6454
61.6455	13.5279
61.7065	11.9011
61.7676	8.13141
61.8286	5.71448
61.8896	5.33468
61.9507	4.63264
62.0117	4.71924
62.0728	5.68453
62.1338	6.5988
62.1948	6.58725
62.2559	7.31157
62.3169	7.12203
62.3779	7.40316
62.439	6.4266
62.5	5.37315
62.561	5.64535
62.6221	7.05851
62.6831	7.11697
62.7441	7.35428
62.8052	8.19634
62.8662	7.66673
62.9272	6.53315
62.9883	5.87665
63.0493	6.00189
63.1104	7.64103
63.1714	7.37649
63.2324	7.5942
63.2935	7.54422
63.3545	6.90762
63.4155	4.74762
63.4766	4.51154
63.5376	3.85651
63.5986	3.95334
63.6597	5.10377
63.7207	5.90168
63.7817	6.90904
63.8428	8.24665
63.9038	9.18764
63.9648	8.55598
64.0259	8.51463
64.0869	7.67263
64.1479	6.67409
64.209	5.43799
64.27	5.94586
64.3311	4.85647
64.3921	5.0312
64.4531	4.12637
64.5142	4.81871
64.5752	5.19675
64.6362	5.92844
64.6973	7.81843
64.7583	8.89906
64.8193	8.18074
64.8804	7.19953
64.9414	7.1393
65.0024	7.0595
65.0635	6.90721
65.1245	6.44753
65.1855	6.6428
65.2466	5.88475
65.3076	4.3452
65.3687	4.15126
65.4297	4.4232
65.4907	4.90671
65.5518	5.82384
65.6128	6.0877
65.6738	5.57792
65.7349	6.56304
65.7959	5.53152
65.8569	5.8497
65.918	6.34455
65.979	7.25575
66.04	5.9296
66.1011	6.3938
66.1621	5.87325
66.2231	5.27715
66.2842	4.10714
66.3452	4.99451
66.4062	4.70144
66.4673	3.9792
66.5283	4.11317
66.5894	5.0421
66.6504	4.00083
66.7114	4.42463
66.7725	5.15298
66.8335	4.18807
66.8945	4.28506
66.9556	4.40432
67.0166	4.81429
67.0776	4.07794
67.1387	3.974
67.1997	3.57349
67.2607	4.56984
67.3218	3.6209
67.3828	4.2089
67.4438	4.86339
67.5049	5.19723
67.5659	4.49085
67.627	4.62266
67.688	4.10861
67.749	4.28059
67.8101	3.67569
67.8711	3.40956
67.9321	3.13663
67.9932	3.27261
68.0542	2.65503
68.1152	3.87608
68.1763	4.32436
68.2373	4.39972
68.2983	4.1128
68.3594	4.77672
68.4204	4.22791
68.4814	4.75968
68.5425	5.29558
68.6035	6.48825
68.6646	5.98889
68.7256	5.94381
68.7866	5.03961
68.8477	4.93187
68.9087	4.38289
68.9697	5.76649
69.0308	5.46351
69.0918	5.72763
69.1528	5.34716
69.2139	5.97456
69.2749	4.13767
69.3359	3.8929
69.397	4.09322
69.458	4.55776
69.519	3.7734
69.5801	4.20304
69.6411	4.07647
69.7021	3.55596
69.7632	3.29078
69.8242	3.25252
69.8853	4.32732
69.9463	4.23321
70.0073	4.59479
70.0684	4.82769
70.1294	4.61362
70.1904	3.19467
70.2515	3.11266
70.3125	2.8885
70.3735	2.96405
70.4346	3.50668
70.4956	3.74576
70.5566	5.08442
70.6177	6.65234
70.6787	7.33634
70.7397	6.7725
70.8008	6.79344
70.8618	5.76912
70.9229	4.54964
70.9839	3.51227
71.0449	4.55187
71.106	4.61238
71.167	4.6137
71.228	4.70994
71.2891	5.14397
71.3501	3.68771
71.4111	4.65804
71.4722	4.70752
71.5332	5.03974
71.5942	4.54401
71.6553	5.65929
71.7163	4.8412
71.7773	5.80035
71.8384	4.91223
71.8994	5.37329
71.9604	5.87454
72.0215	6.53111
72.0825	5.65347
72.1436	6.26173
72.2046	5.53225
72.2656	4.54959
72.3267	3.99685
72.3877	4.10182
72.4487	3.82957
72.5098	3.71323
72.5708	3.28496
72.6318	3.25967
72.6929	3.88643
72.7539	4.2264
72.8149	5.36561
72.876	6.19912
72.937	6.31643
72.998	5.84438
73.0591	5.17303
73.1201	4.57435
73.1812	4.31624
73.2422	4.00979
73.3032	3.82115
73.3643	3.71105
73.4253	3.32033
73.4863	3.52432
73.5474	4.17421
73.6084	4.80156
73.6694	5.21038
73.7305	5.55425
73.7915	5.02099
73.8525	4.30745
73.9136	4.35859
73.9746	4.32632
74.0356	4.65244
74.0967	4.47344
74.1577	4.88462
74.2188	3.91226
74.2798	4.55964
74.3408	3.86316
74.4019	3.7954
74.4629	3.90264
74.5239	4.01993
74.585	2.98238
74.646	3.94104
74.707	3.98024
74.7681	3.58806
74.8291	3.99806
74.8901	4.11337
74.9512	3.23852
75.0122	4.22303
75.0732	4.25723
75.1343	3.85912
75.1953	4.60352
75.2563	4.97749
75.3174	4.59602
75.3784	4.77331
75.4395	4.98355
75.5005	4.57956
75.5615	4.76092
75.6226	4.99465
75.6836	5.585
75.7446	5.57289
75.8057	5.4295
75.8667	5.04861
75.9277	4.89125
75.9888	3.71499
76.0498	3.4042
76.1108	3.0956
76.1719	3.91177
76.2329	3.62663
76.2939	3.70553
76.355	3.9364
76.416	4.05889
76.4771	3.948
76.5381	4.72635
76.5991	5.43263
76.6602	5.28079
76.7212	5.78744
76.7822	5.0163
76.8433	3.85292
76.9043	3.28779
76.9653	7.1987
77.0264	6.68229
77.0874	8.07807
77.1484	9.46161
77.2095	9.56761
77.2705	5.84345
77.3315	5.96474
77.3926	5.27563
77.4536	4.11689
77.5146	4.06019
77.5757	4.29562
77.6367	4.43542
77.6978	4.63833
77.7588	5.46163
77.8198	5.79224
77.8809	5.38186
77.9419	5.36019
78.0029	5.81553
78.064	5.93734
78.125	6.34546
78.186	8.11124
78.2471	8.32511
78.3081	7.09599
78.3691	6.3415
78.4302	6.15545
78.4912	3.94123
78.5522	4.3096
78.6133	4.38255
78.6743	4.45678
78.7354	3.8348
78.7964	5.36189
78.8574	6.00498
78.9185	7.00135
78.9795	7.05206
79.0405	7.53773
79.1016	6.55425
79.1626	5.3683
79.2236	4.77922
79.2847	4.665
79.3457	4.52383
79.4067	4.60857
79.4678	4.65234
79.5288	5.96281
79.5898	5.718
79.6509	5.93459
79.7119	5.84513
79.7729	5.9906
79.834	3.85792
79.895	3.75407
79.9561	3.14555
80.0171	3.40877
80.0781	3.4068
80.1392	3.9099
80.2002	4.29847
80.2612	4.70247
80.3223	4.45922
80.3833	4.1329
80.4443	4.09755
80.5054	4.11613
80.5664	3.62252
80.6274	3.56196
80.6885	3.82196
80.7495	4.69965
80.8105	4.78461
80.8716	6.15385
80.9326	7.16364
80.9937	7.57363
81.0547	7.19312
81.1157	6.5571
81.1768	5.51788
81.2378	4.24455
81.2988	5.02635
81.3599	4.65825
81.4209	5.19747
81.4819	5.18997
81.543	5.73586
81.604	4.35712
81.665	4.74402
81.7261	5.49893
81.7871	5.44672
81.8481	4.96813
81.9092	4.57362
81.9702	6.37196
82.0312	5.13684
82.0923	5.75598
82.1533	6.89206
82.2144	7.4948
82.2754	5.55913
82.3364	6.09972
82.3975	6.18239
82.4585	5.00984
82.5195	4.60473
82.5806	4.15607
82.6416	3.71346
82.7026	4.02375
82.7637	4.60461
82.8247	5.01578
82.8857	5.9195
82.9468	7.24718
83.0078	6.88652
83.0688	7.7768
83.1299	8.62596
83.1909	8.0632
83.252	6.90995
83.313	6.92876
83.374	5.62065
83.4351	4.65413
83.4961	4.32438
83.5571	4.86324
83.6182	4.64695
83.6792	4.99567
83.7402	5.34639
83.8013	5.18781
83.8623	4.5318
83.9233	4.01321
83.9844	3.39551
84.0454	2.58049
84.1064	3.14753
84.1675	4.05942
84.2285	4.70822
84.2896	4.91145
84.3506	6.08407
84.4116	7.87587
84.4727	7.68936
84.5337	7.09613
84.5947	8.50321
84.6558	8.04186
84.7168	6.40103
84.7778	6.01888
84.8389	6.86402
84.8999	6.17938
84.9609	7.47698
85.022	7.82406
85.083	9.07527
85.144	9.12106
85.2051	9.39853
85.2661	8.36982
85.3271	7.28019
85.3882	6.14547
85.4492	6.87677
85.5103	6.48512
85.5713	6.46884
85.6323	6.87108
85.6934	6.05709
85.7544	5.56492
85.8154	6.66332
85.8765	5.61545
85.9375	5.27043
85.9985	6.86493
86.0596	6.47093
86.1206	5.22596
86.1816	7.9979
86.2427	7.7951
86.3037	6.80631
86.3647	8.19073
86.4258	9.05643
86.4868	11.2129
86.5479	12.5997
86.6089	13.1385
86.6699	13.2865
86.731	12.9961
86.792	8.66274
86.853	7.37855
86.9141	7.36044
86.9751	5.77054
87.0361	5.86176
87.0972	5.35795
87.1582	5.95258
87.2192	6.16598
87.2803	6.03371
87.3413	7.52644
87.4023	8.53028
87.4634	9.02807
87.5244	9.4954
87.5854	9.52815
87.6465	7.54711
87.7075	8.19414
87.7686	9.23449
87.8296	9.16179
87.8906	9.7308
87.9517	9.19094
88.0127	8.29141
88.0737	8.10114
88.1348	7.11065
88.1958	6.86188
88.2568	7.61859
88.3179	8.87873
88.3789	8.60803
88.4399	8.87263
88.501	8.62036
88.562	8.86819
88.623	8.4914
88.6841	7.38718
88.7451	7.9305
88.8062	7.37235
88.8672	7.80955
88.9282	8.25622
88.9893	9.13762
89.0503	9.1994
89.1113	9.26557
89.1724	7.63122
89.2334	6.84718
89.2944	7.92143
89.3555	7.31299
89.4165	8.01619
89.4775	9.48917
89.5386	8.93514
89.5996	7.99519
89.6606	7.84989
89.7217	7.51285
89.7827	6.58939
89.8438	6.7746
89.9048	5.55312
89.9658	4.86618
90.0269	4.74635
90.0879	4.40235
90.1489	4.40761
90.21	4.69918
90.271	5.22813
90.332	4.67166
90.3931	7.06219
90.4541	6.2557
90.5151	5.6759
90.5762	5.52689
90.6372	5.51073
90.6982	3.98115
90.7593	5.28941
90.8203	5.19318
90.8813	5.21009
90.9424	5.71006
91.0034	5.17964
91.0645	4.18603
91.1255	4.09136
91.1865	4.04603
91.2476	4.79358
91.3086	4.0988
91.3696	6.12249
91.4307	7.01347
91.4917	8.22072
91.5527	7.22414
91.6138	8.51963
91.6748	6.0077
91.7358	5.89883
91.7969	5.69921
91.8579	6.38488
91.9189	5.1809
91.98	5.97454
92.041	5.33202
92.1021	4.48386
92.1631	4.38335
92.2241	4.40384
92.2852	4.41091
92.3462	4.64948
92.4072	4.51415
92.4683	4.99637
92.5293	5.68945
92.5903	5.37805
92.6514	6.33939
92.7124	5.95067
92.7734	4.93522
92.8345	4.1806
92.8955	4.14777
92.9565	2.81482
93.0176	3.59684
93.0786	4.20217
93.1396	4.49075
93.2007	4.30045
93.2617	5.17368
93.3228	5.56638
93.3838	4.83508
93.4448	4.84285
93.5059	5.10458
93.5669	6.32147
93.6279	5.0718
93.689	6.37469
93.75	6.1874
93.811	6.61697
93.8721	5.93513
93.9331	6.66013
93.9941	6.09827
94.0552	6.27694
94.1162	5.69997
94.1772	5.21058
94.2383	6.74051
94.2993	6.75909
94.3604	7.20315
94.4214	7.37215
94.4824	7.29703
94.5435	4.97439
94.6045	4.35334
94.6655	3.56837
94.7266	3.19898
94.7876	2.70434
94.8486	2.90715
94.9097	4.05
94.9707	4.65776
95.0317	5.03668
95.0928	5.81808
95.1538	6.85569
95.2148	6.0021
95.2759	6.11399
95.3369	5.68173
95.3979	6.23035
95.459	6.69287
95.52	7.56784
95.5811	6.87026
95.6421	7.23238
95.7031	5.90166
95.7642	5.59063
95.8252	4.713
95.8862	5.84778
95.9473	5.70856
96.0083	6.20809
96.0693	5.3063
96.1304	5.10667
96.1914	4.39854
96.2524	6.66228
96.3135	6.49897
96.3745	6.9002
96.4355	6.36083
96.4966	6.52214
96.5576	4.73149
96.6187	4.58626
96.6797	4.60076
96.7407	5.80392
96.8018	5.69606
96.8628	4.84
96.9238	5.48725
96.9849	6.83242
97.0459	6.41564
97.1069	7.32934
97.168	8.6937
97.229	8.35051
97.29	6.53393
97.3511	7.52697
97.4121	7.17286
97.4731	6.47626
97.5342	5.6954
97.5952	7.0397
97.6562	6.48493
97.7173	5.89513
97.7783	5.76511
97.8394	5.60398
97.9004	4.30777
97.9614	4.30866
98.0225	5.07588
98.0835	5.5118
98.1445	5.84627
98.2056	5.83965
98.2666	5.1994
98.3276	5.22179
98.3887	5.32349
98.4497	5.66474
98.5107	6.67206
98.5718	8.54103
98.6328	8.30527
98.6938	8.89503
98.7549	9.25337
98.8159	10.5979
98.877	8.78893
98.938	8.02607
98.999	6.88284
99.0601	7.67009
99.1211	7.51197
99.1821	8.0879
99.2432	10.4991
99.3042	10.4228
99.3652	12.1984
99.4263	9.99748
99.4873	9.96873
99.5483	8.92062
99.6094	12.0304
99.6704	9.38611
99.7314	10.822
99.7925	13.1993
99.8535	18.6569
99.9146	24.7267
99.9756	30.1683
100.037	28.9536
100.098	27.4447
100.159	21.832
100.22	13.8224
100.281	9.49812
100.342	9.80904
100.403	8.89094
100.464	8.63613
100.525	8.01985
100.586	10.2735
100.647	10.5215
100.708	9.65872
100.769	9.33906
100.83	9.46292
100.891	6.22277
100.952	5.58121
101.013	6.20285
101.074	6.26464
101.135	7.41693
101.196	7.18447
101.257	7.1622
101.318	6.42902
101.379	6.36575
101.44	5.74527
101.501	5.63726
101.562	5.93553
101.624	6.59357
101.685	6.41742
101.746	5.49718
101.807	5.67636
101.868	6.5302
101.929	7.61488
101.99	9.28726
102.051	9.71742
102.112	9.60446
102.173	10.7322
102.234	10.1826
102.295	9.8302
102.356	9.978
102.417	10.2498
102.478	8.32783
102.539	7.1826
102.6	6.56795
102.661	7.20777
102.722	7.066
102.783	7.41851
102.844	9.55252
102.905	9.25982
102.966	7.66532
103.027	8.24336
103.088	7.12045
103.149	6.27049
103.21	8.06441
103.271	8.73097
103.333	8.68374
103.394	8.99427
103.455	9.3045
103.516	9.2562
103.577	9.48209
103.638	9.35102
103.699	9.62601
103.76	9.51609
103.821	8.11689
103.882	7.23782
103.943	6.62561
104.004	6.36048
104.065	5.68655
104.126	5.48374
104.187	6.32964
104.248	7.70144
104.309	9.98936
104.37	10.2471
104.431	11.0073
104.492	10.7398
104.553	11.9233
104.614	9.97794
104.675	9.2848
104.736	7.51582
104.797	6.87371
104.858	5.08659
104.919	5.34196
104.98	6.62848
105.042	8.19184
105.103	9.2003
105.164	9.22745
105.225	10.1006
105.286	9.91461
105.347	9.06354
105.408	9.22677
105.469	9.47537
105.53	8.86871
105.591	9.23417
105.652	8.87355
105.713	8.05807
105.774	7.33752
105.835	6.88954
105.896	5.81185
105.957	6.7099
106.018	7.62289
106.079	8.94449
106.14	10.0778
106.201	9.29382
106.262	9.21205
106.323	9.30038
106.384	7.61555
106.445	7.67794
106.506	8.24167
106.567	8.27809
106.628	7.37339
106.689	7.52999
106.75	7.5487
106.812	10.3619
106.873	9.25025
106.934	11.0027
106.995	11.9021
107.056	10.1258
107.117	7.4441
107.178	9.27457
107.239	6.98649
107.3	6.09546
107.361	6.42566
107.422	6.81753
107.483	6.00683
107.544	9.97182
107.605	10.9288
107.666	14.2559
107.727	13.9198
107.788	13.2023
107.849	10.082
107.91	9.60244
107.971	5.94542
108.032	6.12234
108.093	6.22221
108.154	5.95888
108.215	5.78634
108.276	5.63621
108.337	5.81744
108.398	5.4559
108.459	6.29514
108.521	5.90608
108.582	7.30512
108.643	7.09964
108.704	8.06104
108.765	7.1639
108.826	7.81369
108.887	6.94571
108.948	7.21591
109.009	6.85073
109.07	6.85331
109.131	7.70343
109.192	8.93659
109.253	8.60749
109.314	7.94285
109.375	9.32189
109.436	9.34363
109.497	8.19031
109.558	9.20023
109.619	9.24032
109.68	9.12953
109.741	7.42334
109.802	8.08609
109.863	6.59326
109.924	8.35764
109.985	8.219
110.046	8.58628
110.107	8.30768
110.168	8.61954
110.229	8.08084
110.291	7.94605
110.352	9.3309
110.413	10.7709
110.474	12.9942
110.535	12.5337
110.596	12.5485
110.657	10.8456
110.718	9.48481
110.779	9.1608
110.84	8.93839
110.901	8.62147
110.962	9.64753
111.023	10.986
111.084	9.47983
111.145	10.1451
111.206	14.1415
111.267	14.3522
111.328	14.2616
111.389	14.1306
111.45	15.9753
111.511	11.1017
111.572	12.709
111.633	12.2117
111.694	14.4606
111.755	11.8981
111.816	13.9606
111.877	12.5077
111.938	12.0117
112	10.1311
112.061	10.0587
112.122	8.52607
112.183	7.74421
112.244	8.16059
112.305	9.61133
112.366	11.5644
112.427	12.757
112.488	12.9897
112.549	12.9868
112.61	13.7707
112.671	12.0144
112.732	11.5726
112.793	12.0287
112.854	14.9404
112.915	11.7445
112.976	14.4444
113.037	14.3685
113.098	15.4303
113.159	14.2042
113.22	15.3417
113.281	12.7674
113.342	12.4178
113.403	10.6678
113.464	7.93434
113.525	8.42939
113.586	8.07732
113.647	8.19423
113.708	8.38291
113.77	10.3088
113.831	13.0282
113.892	12.5433
113.953	13.4678
114.014	13.9393
114.075	12.257
114.136	9.66678
114.197	12.2091
114.258	10.4049
114.319	10.9207
114.38	10.8732
114.441	11.7498
114.502	9.54029
114.563	10.502
114.624	10.2068
114.685	10.7437
114.746	9.14957
114.807	9.0118
114.868	10.1654
114.929	9.18596
114.99	9.22981
115.051	7.94638
115.112	8.36741
115.173	8.52881
115.234	9.11641
115.295	10.8254
115.356	13.3586
115.417	13.5767
115.479	12.3423
115.54	11.6575
115.601	9.57252
115.662	8.61998
115.723	8.19264
115.784	8.82369
115.845	9.67909
115.906	9.40066
115.967	10.4053
116.028	10.6932
116.089	10.0516
116.15	9.3159
116.211	9.74263
116.272	7.0225
116.333	8.16602
116.394	8.02606
116.455	7.57313
116.516	7.51024
116.577	8.98938
116.638	9.83575
116.699	10.1344
116.76	11.8868
116.821	11.5071
116.882	11.8352
116.943	10.1701
117.004	9.43311
117.065	10.8931
117.126	12.2036
117.188	11.9421
117.249	13.115
117.31	14.5868
117.371	13.2956
117.432	12.8086
117.493	14.3836
117.554	12.4948
117.615	10.9957
117.676	9.38951
117.737	9.07462
117.798	6.8165
117.859	8.30563
117.92	8.20479
117.981	9.75504
118.042	11.0365
118.103	10.9561
118.164	9.43422
118.225	9.56681
118.286	8.99494
118.347	8.84994
118.408	10.1026
118.469	10.0031
118.53	11.0525
118.591	10.6632
118.652	9.52567
118.713	10.088
118.774	11.7147
118.835	10.1184
118.896	8.90068
118.958	9.60229
119.019	9.42198
119.08	7.72179
119.141	7.8078
119.202	9.84183
119.263	9.51681
119.324	7.82484
119.385	10.0627
119.446	11.4925
119.507	9.87219
119.568	9.26082
119.629	10.5638
119.69	9.1742
119.751	8.98848
119.812	9.20203
119.873	10.3911
119.934	9.79861
119.995	9.85908
120.056	8.26363
120.117	8.54465
120.178	7.11462
120.239	6.47747
120.3	6.22777
120.361	7.37483
120.422	7.6503
120.483	7.97717
120.544	7.167
120.605	9.79667
120.667	11.3715
120.728	11.2397
120.789	11.4631
120.85	11.6773
120.911	8.83513
120.972	8.12962
121.033	8.54687
121.094	8.78207
121.155	8.75745
121.216	8.6901
121.277	6.87539
121.338	6.3963
121.399	6.33565
121.46	8.6141
121.521	8.98465
121.582	10.6765
121.643	10.0405
121.704	9.71105
121.765	8.15826
121.826	8.30693
121.887	7.63474
121.948	8.64051
122.009	8.7238
122.07	11.2482
122.131	10.838
122.192	10.1724
122.253	10.557
122.314	9.46257
122.375	10.4008
122.437	12.8156
122.498	12.4541
122.559	10.6031
122.62	12.4813
122.681	9.42936
122.742	7.02448
122.803	7.00153
122.864	7.33059
122.925	5.9671
122.986	7.11644
123.047	7.36563
123.108	8.48658
123.169	9.04985
123.23	9.85186
123.291	10.1144
123.352	9.9182
123.413	10.0267
123.474	10.0405
123.535	10.9987
123.596	8.93158
123.657	12.1116
123.718	12.1925
123.779	12.4477
123.84	12.7095
123.901	12.9089
123.962	10.9745
124.023	10.7569
124.084	10.3601
124.146	9.54564
124.207	10.6351
124.268	9.2068
124.329	9.40064
124.39	10.9936
124.451	9.31163
124.512	8.0951
124.573	8.34655
124.634	9.73139
124.695	8.71773
124.756	12.7303
124.817	11.4462
124.878	10.0375
