0	0
0.0610352	0.000298633
0.12207	0.000194141
0.183105	0.000233855
0.244141	0.000256747
0.305176	0.000306278
0.366211	0.000374833
0.427246	0.00047066
0.488281	0.000532326
0.549316	0.000666382
0.610352	0.000680061
0.671387	0.000708797
0.732422	0.000660919
0.793457	0.000761603
0.854492	0.000833998
0.915527	0.00107926
0.976562	0.00114824
1.0376	0.00135744
1.09863	0.00147378
1.15967	0.00151507
1.2207	0.00153409
1.28174	0.00178881
1.34277	0.00196739
1.40381	0.00219789
1.46484	0.00214338
1.52588	0.00206971
1.58691	0.00254066
1.64795	0.0026651
1.70898	0.00233613
1.77002	0.00268753
1.83105	0.00302519
1.89209	0.00221368
1.95312	0.00195017
2.01416	0.0028239
2.0752	0.00266817
2.13623	0.00357345
2.19727	0.0034507
2.2583	0.00403412
2.31934	0.00332677
2.38037	0.00389447
2.44141	0.00322178
2.50244	0.00425726
2.56348	0.00481903
2.62451	0.00601263
2.68555	0.0068502
2.74658	0.00882137
2.80762	0.00975449
2.86865	0.00925157
2.92969	0.0107845
2.99072	0.0110114
3.05176	0.00969073
3.11279	0.0102828
3.17383	0.0109329
3.23486	0.0119252
3.2959	0.0129778
3.35693	0.0138391
3.41797	0.0143623
3.479	0.0151354
3.54004	0.0137912
3.60107	0.0180573
3.66211	0.0175599
3.72314	0.0165142
3.78418	0.0184739
3.84521	0.0205153
3.90625	0.0178518
3.96729	0.0180162
4.02832	0.0182039
4.08936	0.0163317
4.15039	0.0131546
4.21143	0.0111698
4.27246	0.0117376
4.3335	0.0157985
4.39453	0.0155854
4.45557	0.0155493
4.5166	0.0143595
4.57764	0.0156777
4.63867	0.015878
4.69971	0.0237473
4.76074	0.0250638
4.82178	0.0280993
4.88281	0.0319916
4.94385	0.0270573
5.00488	0.0257008
5.06592	0.026812
5.12695	0.030899
5.18799	0.0321133
5.24902	0.0368549
5.31006	0.0350564
5.37109	0.0360582
5.43213	0.0341329
5.49316	0.0340904
5.5542	0.0297759
5.61523	0.028641
5.67627	0.0275512
5.7373	0.0277319
5.79834	0.0228555
5.85938	0.0301656
5.92041	0.0282856
5.98145	0.0346168
6.04248	0.0379467
6.10352	0.040621
6.16455	0.0393109
6.22559	0.0475893
6.28662	0.0393016
6.34766	0.0334713
6.40869	0.0325568
6.46973	0.0347559
6.53076	0.0283861
6.5918	0.0409523
6.65283	0.0404572
6.71387	0.0589123
6.7749	0.0528091
6.83594	0.0577521
6.89697	0.0530559
6.95801	0.0637134
7.01904	0.0448026
7.08008	0.0449256
7.14111	0.0421211
7.20215	0.0380331
7.26318	0.0306013
7.32422	0.0397843
7.38525	0.0445417
7.44629	0.0476564
7.50732	0.0596017
7.56836	0.0649651
7.62939	0.0626667
7.69043	0.0631499
7.75146	0.0664516
7.8125	0.0547783
7.87354	0.0463247
7.93457	0.0472671
7.99561	0.0465311
8.05664	0.0471704
8.11768	0.0545584
8.17871	0.0552373
8.23975	0.0488004
8.30078	0.0647233
8.36182	0.0702645
8.42285	0.0651305
8.48389	0.0696383
8.54492	0.0804403
8.60596	0.0655583
8.66699	0.0562238
8.72803	0.0566731
8.78906	0.0615703
8.8501	0.0615447
8.91113	0.0759897
8.97217	0.0696736
9.0332	0.0805777
9.09424	0.0805895
9.15527	0.0715204
9.21631	0.0570736
9.27734	0.0574319
9.33838	0.0609619
9.39941	0.0579899
9.46045	0.0664798
9.52148	0.0657226
9.58252	0.0710247
9.64355	0.0625544
9.70459	0.0714448
9.76562	0.0631358
9.82666	0.0747313
9.8877	0.0737805
9.94873	0.0794031
10.0098	0.0901685
10.0708	0.0976546
10.1318	0.102427
10.1929	0.104453
10.2539	0.117538
10.3149	0.0908289
10.376	0.0978461
10.437	0.0808064
10.498	0.0929673
10.5591	0.0843006
10.6201	0.0867356
10.6812	0.0728632
10.7422	0.0795364
10.8032	0.0588344
10.8643	0.0515435
10.9253	0.0612674
10.9863	0.0794273
11.0474	0.0818704
11.1084	0.0972263
11.1694	0.0931757
11.2305	0.0967948
11.2915	0.0802768
11.3525	0.100919
11.4136	0.0983179
11.4746	0.100063
11.5356	0.10479
11.5967	0.111301
11.6577	0.0917901
11.7188	0.0824759
11.7798	0.0913967
11.8408	0.079509
11.9019	0.0810879
11.9629	0.073116
12.0239	0.0783956
12.085	0.0697824
12.146	0.0746948
12.207	0.0657002
12.2681	0.0658971
12.3291	0.0767564
12.3901	0.0858781
12.4512	0.0920469
12.5122	0.120494
12.5732	0.125576
12.6343	0.119516
12.6953	0.115766
12.7563	0.119272
12.8174	0.138523
12.8784	0.16182
12.9395	0.179893
13.0005	0.208193
13.0615	0.207268
13.1226	0.185461
13.1836	0.181322
13.2446	0.159456
13.3057	0.145304
13.3667	0.138074
13.4277	0.11369
13.4888	0.111882
13.5498	0.137127
13.6108	0.125837
13.6719	0.124694
13.7329	0.147673
13.7939	0.120049
13.855	0.114035
13.916	0.109371
13.9771	0.139308
14.0381	0.125592
14.0991	0.138136
14.1602	0.155328
14.2212	0.209732
14.2822	0.191655
14.3433	0.225462
14.4043	0.226527
14.4653	0.247316
14.5264	0.206498
14.5874	0.220283
14.6484	0.180435
14.7095	0.194761
14.7705	0.20338
14.8315	0.198147
14.8926	0.193585
14.9536	0.248808
15.0146	0.23379
15.0757	0.18639
15.1367	0.194076
15.1978	0.195245
15.2588	0.155804
15.3198	0.171245
15.3809	0.190102
15.4419	0.245461
15.5029	0.242613
15.564	0.284385
15.625	0.327021
15.686	0.304851
15.7471	0.238249
15.8081	0.223911
15.8691	0.222299
15.9302	0.225978
15.9912	0.221309
16.0522	0.313082
16.1133	0.384087
16.1743	0.333145
16.2354	0.287085
16.2964	0.315779
16.3574	0.234318
16.4185	0.244589
16.4795	0.255738
16.5405	0.293307
16.6016	0.28123
16.6626	0.266057
16.7236	0.19431
16.7847	0.217155
16.8457	0.240055
16.9067	0.243186
16.9678	0.258269
17.0288	0.285727
17.0898	0.264216
17.1509	0.274746
17.2119	0.34437
17.2729	0.334431
17.334	0.41548
17.395	0.435835
17.4561	0.370906
17.5171	0.304935
17.5781	0.324881
17.6392	0.210149
17.7002	0.242152
17.7612	0.228626
17.8223	0.327661
17.8833	0.360662
17.9443	0.393347
18.0054	0.379295
18.0664	0.421518
18.1274	0.362936
18.1885	0.354687
18.2495	0.339216
18.3105	0.329445
18.3716	0.296328
18.4326	0.276419
18.4937	0.280824
18.5547	0.269314
18.6157	0.236929
18.6768	0.381186
18.7378	0.340475
18.7988	0.322602
18.8599	0.387766
18.9209	0.433785
18.9819	0.408307
19.043	0.417897
19.104	0.43714
19.165	0.39919
19.2261	0.34736
19.2871	0.224918
19.3481	0.239702
19.4092	0.199109
19.4702	0.216959
19.5312	0.22767
19.5923	0.208104
19.6533	0.193697
19.7144	0.227426
19.7754	0.201084
19.8364	0.251431
19.8975	0.324766
19.9585	0.413481
20.0195	0.412154
20.0806	0.40329
20.1416	0.375712
20.2026	0.362176
20.2637	0.322402
20.3247	0.299965
20.3857	0.305016
20.4468	0.290627
20.5078	0.294661
20.5688	0.265038
20.6299	0.275051
20.6909	0.283743
20.752	0.288303
20.813	0.255654
20.874	0.270167
20.9351	0.264792
20.9961	0.242176
21.0571	0.272618
21.1182	0.264508
21.1792	0.277304
21.2402	0.281232
21.3013	0.322657
21.3623	0.345173
21.4233	0.408013
21.4844	0.40672
21.5454	0.426731
21.6064	0.379967
21.6675	0.377509
21.7285	0.309881
21.7896	0.278837
21.8506	0.292501
21.9116	0.348978
21.9727	0.291642
22.0337	0.292909
22.0947	0.357518
22.1558	0.303442
22.2168	0.294287
22.2778	0.370119
22.3389	0.382613
22.3999	0.309162
22.4609	0.455499
22.522	0.441394
22.583	0.353576
22.644	0.408807
22.7051	0.446878
22.7661	0.368526
22.8271	0.40786
22.8882	0.465008
22.9492	0.412689
23.0103	0.421818
23.0713	0.374412
23.1323	0.339349
23.1934	0.308627
23.2544	0.302319
23.3154	0.336702
23.3765	0.357209
23.4375	0.369199
23.4985	0.393773
23.5596	0.392125
23.6206	0.332331
23.6816	0.356027
23.7427	0.37968
23.8037	0.496149
23.8647	0.511289
23.9258	0.530348
23.9868	0.517039
24.0479	0.533351
24.1089	0.442481
24.1699	0.479706
24.231	0.466223
24.292	0.462168
24.353	0.481798
24.4141	0.434933
24.4751	0.404017
24.5361	0.38999
24.5972	0.374478
24.6582	0.264705
24.7192	0.298382
24.7803	0.321811
24.8413	0.372379
24.9023	0.492115
24.9634	0.546959
25.0244	0.597862
25.0854	0.596189
25.1465	0.568659
25.2075	0.42322
25.2686	0.405056
25.3296	0.394753
25.3906	0.438038
25.4517	0.49077
25.5127	0.554366
25.5737	0.640692
25.6348	0.593202
25.6958	0.52695
25.7568	0.520407
25.8179	0.541266
25.8789	0.480593
25.9399	0.533755
26.001	0.496233
26.062	0.591944
26.123	0.514057
26.1841	0.481519
26.2451	0.449009
26.3062	0.606284
26.3672	0.564961
26.4282	0.581433
26.4893	0.594723
26.5503	0.561901
26.6113	0.478106
26.6724	0.499394
26.7334	0.472331
26.7944	0.495368
26.8555	0.553195
26.9165	0.548759
26.9775	0.715014
27.0386	0.9347
27.0996	1.08831
27.1606	1.24186
27.2217	1.25162
27.2827	1.16419
27.3438	1.07957
27.4048	1.16632
27.4658	1.04646
27.5269	1.0931
27.5879	0.866037
27.6489	0.83964
27.71	0.611985
27.771	0.534821
27.832	0.594136
27.8931	0.728471
27.9541	0.831022
28.0151	0.858107
28.0762	0.97602
28.1372	0.852343
28.1982	0.891718
28.2593	0.709447
28.3203	0.814795
28.3813	0.676672
28.4424	0.801729
28.5034	0.733267
28.5645	0.804031
28.6255	0.688465
28.6865	0.804062
28.7476	0.708908
28.8086	0.638427
28.8696	0.640908
28.9307	0.807735
28.9917	0.938303
29.0527	0.972143
29.1138	0.979638
29.1748	1.06542
29.2358	0.937981
29.2969	0.876165
29.3579	0.86891
29.4189	1.06364
29.48	1.0298
29.541	1.29483
29.6021	1.12227
29.6631	1.41975
29.7241	1.21063
29.7852	1.20018
29.8462	0.992424
29.9072	1.20612
29.9683	0.955726
30.0293	1.19377
30.0903	1.24061
30.1514	1.52828
30.2124	1.36272
30.2734	1.60444
30.3345	1.40027
30.3955	1.34226
30.4565	1.77109
30.5176	2.12417
30.5786	1.92696
30.6396	2.07403
30.7007	2.41965
30.7617	1.80444
30.8228	2.03094
30.8838	2.06267
30.9448	1.98443
31.0059	1.74228
31.0669	1.78551
31.1279	1.49891
31.189	1.57011
31.25	2.0098
31.311	2.04905
31.3721	1.96249
31.4331	1.76554
31.4941	1.96152
31.5552	1.4555
31.6162	1.77156
31.6772	2.88247
31.7383	3.23856
31.7993	3.43526
31.8604	4.32047
31.9214	3.85893
31.9824	2.70146
32.0435	2.39151
32.1045	1.97307
32.1655	1.43093
32.2266	1.58405
32.2876	1.76741
32.3486	1.72664
32.4097	1.68796
32.4707	1.54848
32.5317	1.98241
32.5928	1.76109
32.6538	2.02098
32.7148	2.30874
32.7759	2.27279
32.8369	1.99423
32.8979	2.08268
32.959	2.14173
33.02	1.82929
33.0811	2.04756
33.1421	1.89948
33.2031	2.105
33.2642	1.93234
33.3252	2.47819
33.3862	2.88511
33.4473	2.9422
33.5083	2.90925
33.5693	3.40069
33.6304	3.06784
33.6914	2.75541
33.7524	2.84428
33.8135	2.82096
33.8745	2.25576
33.9355	2.93663
33.9966	3.01007
34.0576	2.83396
34.1187	2.74791
34.1797	2.846
34.2407	1.99468
34.3018	1.61635
34.3628	1.60846
34.4238	1.77445
34.4849	1.90278
34.5459	1.8745
34.6069	1.7999
34.668	1.83343
34.729	1.56471
34.79	1.47716
34.8511	1.8387
34.9121	1.97964
34.9731	1.95131
35.0342	2.43612
35.0952	2.24549
35.1562	1.92724
35.2173	1.82243
35.2783	2.00818
35.3394	1.35446
35.4004	1.55279
35.4614	1.45361
35.5225	1.47446
35.5835	1.1974
35.6445	1.48477
35.7056	1.17244
35.7666	1.23059
35.8276	1.27004
35.8887	1.60273
35.9497	1.82909
36.0107	2.40883
36.0718	2.57707
36.1328	2.69707
36.1938	2.92666
36.2549	2.87885
36.3159	2.8094
36.377	2.78604
36.438	2.46213
36.499	2.11919
36.5601	1.64599
36.6211	1.33123
36.6821	1.20177
36.7432	1.27841
36.8042	1.06188
36.8652	1.50612
36.9263	1.8271
36.9873	1.88117
37.0483	2.0078
37.1094	2.06647
37.1704	1.80291
37.2314	1.39861
37.2925	1.41793
37.3535	1.50434
37.4146	1.94947
37.4756	1.90362
37.5366	2.18099
37.5977	2.14276
37.6587	2.42057
37.7197	2.1562
37.7808	2.35281
37.8418	2.05915
37.9028	2.238
37.9639	1.97604
38.0249	2.26263
38.0859	2.19351
38.147	2.40583
38.208	2.22512
38.269	2.13876
38.3301	1.80425
38.3911	1.73057
38.4521	1.63017
38.5132	1.88793
38.5742	1.73628
38.6353	1.81499
38.6963	2.39041
38.7573	2.23694
38.8184	1.99109
38.8794	2.05016
38.9404	2.24523
39.0015	1.76922
39.0625	2.87567
39.1235	3.32089
39.1846	4.62996
39.2456	5.21658
39.3066	5.10673
39.3677	5.38564
39.4287	4.72795
39.4897	3.39059
39.5508	2.68184
39.6118	2.59514
39.6729	1.12784
39.7339	1.32506
39.7949	1.72123
39.856	1.48777
39.917	1.8595
39.978	2.26024
40.0391	2.11096
40.1001	2.09653
40.1611	2.22555
40.2222	1.92741
40.2832	2.05216
40.3442	2.36525
40.4053	2.02766
40.4663	2.01692
40.5273	2.61377
40.5884	2.25905
40.6494	2.19946
40.7104	2.50632
40.7715	2.36303
40.8325	1.91525
40.8936	1.95306
40.9546	2.00199
41.0156	2.14383
41.0767	2.38749
41.1377	2.40282
41.1987	2.47272
41.2598	2.26806
41.3208	1.91633
41.3818	1.84807
41.4429	1.76562
41.5039	1.56269
41.5649	2.02363
41.626	1.99077
41.687	1.70712
41.748	1.45969
41.8091	1.60187
41.8701	1.09431
41.9312	1.52152
41.9922	1.68488
42.0532	2.11824
42.1143	2.2365
42.1753	2.34751
42.2363	2.64156
42.2974	3.09524
42.3584	3.71727
42.4194	3.65392
42.4805	3.95862
42.5415	4.43045
42.6025	4.85134
42.6636	5.14719
42.7246	5.5066
42.7856	5.47045
42.8467	4.52402
42.9077	3.80469
42.9688	2.66613
43.0298	2.18167
43.0908	2.08087
43.1519	1.81893
43.2129	1.61244
43.2739	1.52244
43.335	1.96399
43.396	1.83726
43.457	1.77623
43.5181	1.61987
43.5791	1.61852
43.6401	1.63999
43.7012	1.51236
43.7622	1.77396
43.8232	2.16818
43.8843	2.09903
43.9453	2.05512
44.0063	2.65417
44.0674	2.55722
44.1284	2.41195
44.1895	2.7088
44.2505	3.56932
44.3115	2.95214
44.3726	3.57741
44.4336	3.3657
44.4946	4.01955
44.5557	3.10379
44.6167	3.44761
44.6777	3.12753
44.7388	3.3586
44.7998	3.02288
44.8608	2.51261
44.9219	2.73452
44.9829	2.2555
45.0439	2.85276
45.105	2.93786
45.166	3.69225
45.2271	3.84568
45.2881	3.79378
45.3491	3.42925
45.4102	3.2295
45.4712	2.78559
45.5322	2.46788
45.5933	2.73038
45.6543	3.97063
45.7153	3.66798
45.7764	4.17484
45.8374	4.88924
45.8984	5.22155
45.9595	3.51745
46.0205	3.74117
46.0815	4.19538
46.1426	3.41164
46.2036	3.05417
46.2646	3.32094
46.3257	3.3364
46.3867	2.48524
46.4478	2.32393
46.5088	3.71726
46.5698	4.21388
46.6309	4.91833
46.6919	5.28794
46.7529	6.29229
46.814	5.9434
46.875	6.92282
46.936	6.7454
46.9971	6.46281
47.0581	5.45836
47.1191	4.38327
47.1802	3.10164
47.2412	3.41687
47.3022	3.42853
47.3633	3.74177
47.4243	3.61678
47.4854	3.44743
47.5464	3.02046
47.6074	3.72996
47.6685	3.61524
47.7295	3.83944
47.7905	4.50889
47.8516	5.55639
47.9126	4.47359
47.9736	4.77837
48.0347	5.54013
48.0957	5.17405
48.1567	4.33106
48.2178	5.25776
48.2788	6.05876
48.3398	6.37817
48.4009	6.41566
48.4619	6.17437
48.5229	5.78164
48.584	4.77144
48.645	4.40427
48.7061	4.27602
48.7671	3.66111
48.8281	3.38591
48.8892	3.02555
48.9502	3.08443
49.0112	3.0317
49.0723	3.8635
49.1333	3.63399
49.1943	4.63896
49.2554	4.16035
49.3164	4.42594
49.3774	4.19678
49.4385	4.82271
49.4995	5.62653
49.5605	7.49549
49.6216	9.013
49.6826	111.829
49.7437	210.392
49.8047	212.581
49.8657	212.622
49.9268	211.896
49.9878	108.973
50.0488	9.64467
50.1099	7.14536
50.1709	5.71382
50.2319	5.23697
50.293	3.83146
50.354	3.68367
50.415	3.11519
50.4761	3.17465
50.5371	3.3508
50.5981	4.4544
50.6592	4.5968
50.7202	4.74341
50.7812	4.70866
50.8423	4.9292
50.9033	5.72997
50.9644	5.72821
51.0254	6.04165
51.0864	5.98862
51.1475	5.56421
51.2085	4.3042
51.2695	3.974
51.3306	3.34179
51.3916	2.90148
51.4526	2.67562
51.5137	2.07641
51.5747	2.33672
51.6357	2.74507
51.6968	2.71027
51.7578	2.84452
51.8188	3.53434
51.8799	3.48714
51.9409	3.26513
52.002	4.11366
52.063	4.53894
52.124	4.00632
52.1851	3.99825
52.2461	3.94409
52.3071	3.94606
52.3682	3.90282
52.4292	3.93851
52.4902	3.95426
52.5513	3.73835
52.6123	3.78206
52.6733	3.5702
52.7344	4.15711
52.7954	4.75624
52.8564	5.11359
52.9175	5.16115
52.9785	5.66261
53.0396	5.22903
53.1006	4.58177
53.1616	4.47544
53.2227	4.11647
53.2837	3.42634
53.3447	3.71685
53.4058	3.89618
53.4668	3.62325
53.5278	3.25781
53.5889	4.19938
53.6499	3.73773
53.7109	3.25303
53.772	3.16694
53.833	3.11
53.894	2.09517
53.9551	2.16357
54.0161	3.57233
54.0771	4.56733
54.1382	5.70902
54.1992	8.67602
54.2603	8.85371
54.3213	9.99348
54.3823	9.11981
54.4434	8.65484
54.5044	5.32188
54.5654	5.01506
54.6265	2.94803
54.6875	3.07091
54.7485	2.5336
54.8096	3.32679
54.8706	3.74957
54.9316	3.95833
54.9927	3.90987
55.0537	3.71379
55.1147	4.1406
55.1758	3.95627
55.2368	3.72497
55.2979	3.76771
55.3589	3.65167
55.4199	2.93725
55.481	3.42635
55.542	3.25132
55.603	3.53861
55.6641	3.72425
55.7251	3.85714
55.7861	3.30013
55.8472	3.81825
55.9082	4.36082
55.9692	4.80863
56.0303	5.68484
56.0913	6.61339
56.1523	6.93046
56.2134	6.22154
56.2744	6.54416
56.3354	6.23627
56.3965	5.72247
56.4575	4.76
56.5186	4.40346
56.5796	4.60595
56.6406	4.00468
56.7017	3.90032
56.7627	4.32543
56.8237	4.50511
56.8848	3.53095
56.9458	3.16184
57.0068	2.72978
57.0679	2.08242
57.1289	1.96744
57.1899	2.18709
57.251	2.0341
57.312	2.03148
57.373	2.06283
57.4341	2.82763
57.4951	2.77962
57.5562	3.33924
57.6172	3.43059
57.6782	3.84394
57.7393	3.33844
57.8003	3.18956
57.8613	3.63023
57.9224	4.36976
57.9834	4.41361
58.0444	5.03573
58.1055	5.97086
58.1665	5.09446
58.2275	4.0896
58.2886	3.48766
58.3496	2.95096
58.4106	2.48985
58.4717	2.56674
58.5327	2.84677
58.5938	3.61258
58.6548	3.5182
58.7158	3.44979
58.7769	5.19944
58.8379	5.46109
58.8989	5.41956
58.96	6.19739
59.021	5.79873
59.082	5.6174
59.1431	6.27766
59.2041	5.83451
59.2651	5.31766
59.3262	5.21634
59.3872	4.19867
59.4482	3.86683
59.5093	3.93411
59.5703	3.51529
59.6313	3.89129
59.6924	4.95884
59.7534	4.65982
59.8145	4.51724
59.8755	4.98922
59.9365	4.64654
59.9976	3.18016
60.0586	3.21885
60.1196	3.58287
60.1807	3.53377
60.2417	3.59005
60.3027	5.48213
60.3638	5.40252
60.4248	5.88676
60.4858	5.59687
60.5469	6.37841
60.6079	4.81148
60.6689	5.8706
60.73	6.80072
60.791	6.77773
60.8521	5.93084
60.9131	5.38092
60.9741	4.63226
61.0352	3.34929
61.0962	3.95525
61.1572	4.16572
61.2183	4.61927
61.2793	5.70019
61.3403	5.98384
61.4014	5.11621
61.4624	5.18657
61.5234	5.25279
61.5845	3.7818
61.6455	5.81466
61.7065	6.73781
61.7676	8.3024
61.8286	9.37629
61.8896	9.51296
61.9507	7.20976
62.0117	6.99126
62.0728	5.70899
62.1338	4.73869
62.1948	4.91639
62.2559	5.94361
62.3169	6.03479
62.3779	6.05562
62.439	7.03272
62.5	7.22458
62.561	5.93296
62.6221	6.29424
62.6831	6.60019
62.7441	5.46493
62.8052	5.56452
62.8662	6.08675
62.9272	5.36763
62.9883	6.00665
63.0493	7.69669
63.1104	7.52206
63.1714	8.08837
63.2324	9.47528
63.2935	8.95355
63.3545	8.76124
63.4155	10.2285
63.4766	9.07973
63.5376	11.243
63.5986	10.7495
63.6597	9.42864
63.7207	7.90055
63.7817	7.89107
63.8428	3.88138
63.9038	3.50625
63.9648	5.24051
64.0259	5.31694
64.0869	8.94813
64.1479	9.25294
64.209	10.6091
64.27	10.0426
64.3311	10.4097
64.3921	6.74111
64.4531	8.56249
64.5142	7.87873
64.5752	6.72965
64.6362	7.93629
64.6973	8.97179
64.7583	7.45915
64.8193	7.02656
64.8804	7.02875
64.9414	4.98142
65.0024	6.18677
65.0635	6.65898
65.1245	8.28205
65.1855	9.33309
65.2466	10.461
65.3076	10.9129
65.3687	11.0178
65.4297	10.7142
65.4907	11.0185
65.5518	12.2641
65.6128	10.2002
65.6738	10.3209
65.7349	9.03069
65.7959	8.56941
65.8569	8.10437
65.918	8.76182
65.979	11.5257
66.04	14.8773
66.1011	15.5274
66.1621	15.2287
66.2231	16.6681
66.2842	13.3193
66.3452	10.3786
66.4062	9.99395
66.4673	9.9369
66.5283	9.50696
66.5894	11.4221
66.6504	10.6657
66.7114	10.6776
66.7725	9.83866
66.8335	8.1153
66.8945	9.31848
66.9556	10.8727
67.0166	9.64955
67.0776	10.8833
67.1387	11.1664
67.1997	9.32355
67.2607	9.05821
67.3218	9.31473
67.3828	8.89497
67.4438	9.24068
67.5049	8.25869
67.5659	8.47756
67.627	9.06808
67.688	10.2451
67.749	17.3355
67.8101	17.6661
67.8711	17.3735
67.9321	16.995
67.9932	15.2557
68.0542	11.8066
68.1152	11.228
68.1763	12.745
68.2373	13.4944
68.2983	12.8531
68.3594	9.0364
68.4204	9.41102
68.4814	8.14651
68.5425	8.94684
68.6035	11.199
68.6646	10.6919
68.7256	10.9167
68.7866	10.3459
68.8477	11.4302
68.9087	11.8986
68.9697	11.9762
69.0308	12.0352
69.0918	13.4651
69.1528	10.2264
69.2139	8.81665
69.2749	10.019
69.3359	9.41864
69.397	9.22708
69.458	10.5592
69.519	10.4168
69.5801	9.10564
69.6411	8.96246
69.7021	7.86257
69.7632	6.31658
69.8242	5.29297
69.8853	5.13597
69.9463	5.55918
70.0073	4.90639
70.0684	5.8229
70.1294	6.42938
70.1904	6.6404
70.2515	6.05329
70.3125	6.46154
70.3735	6.18115
70.4346	5.23047
70.4956	5.86111
70.5566	6.36279
70.6177	6.12546
70.6787	5.80587
70.7397	6.74161
70.8008	5.44149
70.8618	6.5743
70.9229	7.25203
70.9839	7.99067
71.0449	7.14901
71.106	8.36436
71.167	6.20318
71.228	5.91465
71.2891	5.21399
71.3501	4.65832
71.4111	5.87236
71.4722	6.691
71.5332	6.73179
71.5942	6.84021
71.6553	7.69791
71.7163	6.21565
71.7773	5.49477
71.8384	4.65721
71.8994	5.16749
71.9604	6.85767
72.0215	6.68815
72.0825	8.03047
72.1436	9.12402
72.2046	8.96942
72.2656	6.76745
72.3267	7.00139
72.3877	6.39499
72.4487	5.70472
72.5098	6.17726
72.5708	7.25425
72.6318	6.5977
72.6929	5.98078
72.7539	5.85156
72.8149	4.65565
72.876	3.55546
72.937	3.51316
72.998	3.5645
73.0591	3.46292
73.1201	3.23555
73.1812	3.71192
73.2422	3.42283
73.3032	4.16952
73.3643	4.12309
73.4253	4.63627
73.4863	4.64747
73.5474	4.83279
73.6084	4.11998
73.6694	5.21626
73.7305	4.9839
73.7915	5.40263
73.8525	5.28556
73.9136	6.43847
73.9746	4.75203
74.0356	5.1373
74.0967	4.7751
74.1577	4.65025
74.2188	3.45049
74.2798	3.6348
74.3408	3.26189
74.4019	3.22425
74.4629	3.10895
74.5239	2.94491
74.585	3.04319
74.646	2.95188
74.707	3.25682
74.7681	3.35257
74.8291	3.87982
74.8901	4.19657
74.9512	5.00041
75.0122	4.47638
75.0732	5.41762
75.1343	5.61987
75.1953	5.34604
75.2563	4.32843
75.3174	3.94563
75.3784	3.50694
75.4395	3.2979
75.5005	3.32012
75.5615	3.25771
75.6226	3.33125
75.6836	2.9755
75.7446	2.9963
75.8057	3.79197
75.8667	3.66078
75.9277	3.4178
75.9888	3.49488
76.0498	3.00262
76.1108	2.5137
76.1719	4.2657
76.2329	4.40293
76.2939	5.03389
76.355	5.16155
76.416	5.233
76.4771	3.76297
76.5381	3.60012
76.5991	3.35787
76.6602	3.24713
76.7212	2.79039
76.7822	3.05437
76.8433	3.23448
76.9043	2.62822
76.9653	3.2647
77.0264	3.34425
77.0874	3.7249
77.1484	3.82205
77.2095	4.04383
77.2705	4.08777
77.3315	4.60605
77.3926	4.72475
77.4536	5.04532
77.5146	5.48898
77.5757	5.58645
77.6367	5.39742
77.6978	4.8401
77.7588	4.45093
77.8198	4.29135
77.8809	3.31168
77.9419	3.18178
78.0029	5.43013
78.064	6.61374
78.125	6.38868
78.186	7.14268
78.2471	7.63477
78.3081	5.16728
78.3691	3.9557
78.4302	3.76432
78.4912	4.61769
78.5522	4.46338
78.6133	4.83955
78.6743	5.02834
78.7354	4.75357
78.7964	3.71724
78.8574	4.07882
78.9185	4.2142
78.9795	5.31133
79.0405	6.85384
79.1016	7.53478
79.1626	7.22067
79.2236	7.52796
79.2847	7.52345
79.3457	6.7753
79.4067	6.49558
79.4678	7.32917
79.5288	8.19781
79.5898	7.32285
79.6509	6.99296
79.7119	6.38657
79.7729	5.18239
79.834	4.47392
79.895	5.07093
79.9561	4.89946
80.0171	5.06508
80.0781	6.0083
80.1392	6.05574
80.2002	6.32128
80.2612	7.48404
80.3223	8.55057
80.3833	8.18244
80.4443	8.17177
80.5054	8.09114
80.5664	8.54455
80.6274	8.82772
80.6885	10.6096
80.7495	11.7714
80.8105	12.3729
80.8716	12.4136
80.9326	12.9382
80.9937	12.7743
81.0547	11.4088
81.1157	13.4582
81.1768	13.723
81.2378	13.8524
81.2988	12.1282
81.3599	11.8917
81.4209	11.4226
81.4819	10.8532
81.543	9.67176
81.604	10.4934
81.665	12.0155
81.7261	11.9383
81.7871	12.1112
81.8481	11.5659
81.9092	11.1163
81.9702	10.1199
82.0312	8.72835
82.0923	8.86486
82.1533	10.1707
82.2144	10.1981
82.2754	10.3042
82.3364	8.654
82.3975	7.66049
82.4585	6.29387
82.5195	6.25334
82.5806	5.1916
82.6416	5.33247
82.7026	4.55273
82.7637	4.95534
82.8247	5.69337
82.8857	7.00131
82.9468	8.55389
83.0078	9.13472
83.0688	9.71064
83.1299	8.75004
83.1909	8.79831
83.252	7.39908
83.313	7.59367
83.374	7.96141
83.4351	9.23775
83.4961	11.1343
83.5571	14.5503
83.6182	15.2618
83.6792	14.7864
83.7402	13.609
83.8013	11.9918
83.8623	8.29535
83.9233	8.50962
83.9844	8.38601
84.0454	10.6851
84.1064	10.6871
84.1675	11.3564
84.2285	10.3616
84.2896	9.43319
84.3506	7.51336
84.4116	6.43597
84.4727	6.52492
84.5337	6.43688
84.5947	6.89107
84.6558	7.05221
84.7168	6.92365
84.7778	6.24557
84.8389	6.50978
84.8999	6.10167
84.9609	6.96852
85.022	7.42612
85.083	9.60241
85.144	11.2568
85.2051	11.5267
85.2661	11.558
85.3271	12.8216
85.3882	11.779
85.4492	14.3093
85.5103	13.7561
85.5713	13.2154
85.6323	10.9763
85.6934	9.91642
85.7544	4.85526
85.8154	4.91833
85.8765	3.70093
85.9375	3.94574
85.9985	4.5789
86.0596	6.70954
86.1206	7.98819
86.1816	8.14663
86.2427	8.13349
86.3037	9.65296
86.3647	9.77573
86.4258	9.43345
86.4868	11.5209
86.5479	13.0134
86.6089	12.2975
86.6699	10.6194
86.731	10.1641
86.792	7.78134
86.853	7.11771
86.9141	5.21503
86.9751	5.08926
87.0361	5.26401
87.0972	5.15388
87.1582	4.00142
87.2192	4.59108
87.2803	4.55932
87.3413	4.09928
87.4023	3.77859
87.4634	4.11009
87.5244	4.76365
87.5854	6.02291
87.6465	5.62655
87.7075	6.3931
87.7686	8.36593
87.8296	8.37949
87.8906	7.66613
87.9517	9.60988
88.0127	9.68139
88.0737	7.88672
88.1348	7.54099
88.1958	7.37456
88.2568	6.7089
88.3179	6.44674
88.3789	6.20105
88.4399	5.56352
88.501	5.7166
88.562	6.46309
88.623	7.36408
88.6841	7.51903
88.7451	7.83956
88.8062	8.957
88.8672	7.76317
88.9282	6.7632
88.9893	6.78115
89.0503	8.07664
89.1113	6.54969
89.1724	7.81985
89.2334	8.0899
89.2944	8.43911
89.3555	8.08457
89.4165	8.70055
89.4775	7.12311
89.5386	7.55433
89.5996	6.9804
89.6606	5.42359
89.7217	4.51295
89.7827	4.31819
89.8438	3.12797
89.9048	3.09614
89.9658	3.01658
90.0269	3.09646
90.0879	4.96924
90.1489	5.8665
90.21	6.04758
90.271	7.9196
90.332	10.0658
90.3931	10.0347
90.4541	9.36733
90.5151	10.0417
90.5762	9.23609
90.6372	7.66055
90.6982	5.86562
90.7593	6.47375
90.8203	6.05991
90.8813	5.81409
90.9424	5.49972
91.0034	5.99756
91.0645	5.3549
91.1255	6.31016
91.1865	5.88998
91.2476	6.11764
91.3086	6.34883
91.3696	7.95199
91.4307	7.97001
91.4917	9.19516
91.5527	9.28276
91.6138	9.48576
91.6748	12.052
91.7358	12.4209
91.7969	12.2121
91.8579	13.1062
91.9189	12.4296
91.98	9.33999
92.041	7.762
92.1021	7.37944
92.1631	6.3849
92.2241	6.84245
92.2852	6.66596
92.3462	7.91503
92.4072	8.56257
92.4683	11.3872
92.5293	11.9452
92.5903	14.0319
92.6514	13.5832
92.7124	13.8366
92.7734	14.1994
92.8345	13.0106
92.8955	11.1289
92.9565	12.6391
93.0176	12.3894
93.0786	10.0654
93.1396	13.2871
93.2007	14.2977
93.2617	14.7756
93.3228	14.7153
93.3838	16.5333
93.4448	13.9616
93.5059	13.1037
93.5669	10.1885
93.6279	11.1185
93.689	10.6177
93.75	10.6777
93.811	10.5558
93.8721	11.232
93.9331	9.61035
93.9941	7.68123
94.0552	8.84086
94.1162	8.73809
94.1772	10.0549
94.2383	10.8595
94.2993	13.0065
94.3604	14.1263
94.4214	14.5464
94.4824	13.2131
94.5435	12.2176
94.6045	12.0333
94.6655	8.96236
94.7266	10.5282
94.7876	10.0993
94.8486	13.5002
94.9097	12.3559
94.9707	12.5192
95.0317	11.253
95.0928	11.4663
95.1538	9.61881
95.2148	11.569
95.2759	12.6392
95.3369	12.5949
95.3979	12.8204
95.459	11.8105
95.52	9.71638
95.5811	9.7654
95.6421	9.00883
95.7031	9.43539
95.7642	8.78188
95.8252	8.10358
95.8862	7.52741
95.9473	7.44276
96.0083	6.96736
96.0693	8.24002
96.1304	7.21161
96.1914	6.745
96.2524	6.73809
96.3135	7.49775
96.3745	6.83518
96.4355	8.19346
96.4966	8.26828
96.5576	10.4045
96.6187	10.3794
96.6797	12.0339
96.7407	13.0072
96.8018	15.0719
96.8628	12.9702
96.9238	13.1442
96.9849	12.5532
97.0459	11.5695
97.1069	11.1328
97.168	12.2579
97.229	11.0862
97.29	12.3365
97.3511	13.1686
97.4121	13.6615
97.4731	12.7141
97.5342	16.4439
97.5952	13.4633
97.6562	14.8584
97.7173	13.3965
97.7783	14.0184
97.8394	10.9189
97.9004	11.1172
97.9614	8.05401
98.0225	7.24175
98.0835	5.76559
98.1445	4.80565
98.2056	5.10584
98.2666	5.90343
98.3276	6.6667
98.3887	6.93298
98.4497	7.11705
98.5107	6.8083
98.5718	5.80562
98.6328	6.88007
98.6938	7.52334
98.7549	8.59628
98.8159	8.34555
98.877	12.9212
98.938	12.2877
98.999	17.0926
99.0601	18.3464
99.1211	19.694
99.1821	18.1208
99.2432	18.6945
99.3042	15.8878
99.3652	15.2528
99.4263	15.7958
99.4873	13.0826
99.5483	14.4923
99.6094	15.0533
99.6704	31.1456
99.7314	40.5208
99.7925	45.883
99.8535	46.0946
99.9146	44.7781
99.9756	28.9851
100.037	21.857
100.098	18.2885
100.159	16.0226
100.22	14.7292
100.281	13.7225
100.342	10.6223
100.403	8.53016
100.464	14.1253
100.525	13.4521
100.586	13.9711
100.647	14.1376
100.708	15.0296
100.769	9.1088
100.83	12.0471
100.891	11.4899
100.952	13.4895
101.013	12.0816
101.074	12.7323
101.135	10.353
101.196	13.6985
101.257	11.7606
101.318	17.7438
101.379	16.4518
101.44	17.7547
101.501	15.3361
101.562	17.8114
101.624	14.6395
101.685	15.4942
101.746	14.8391
101.807	15.0705
101.868	13.678
101.929	11.8147
101.99	14.6374
102.051	14.8558
102.112	13.8516
102.173	14.4755
102.234	19.0983
102.295	16.6059
102.356	16.0273
102.417	15.9381
102.478	13.2687
102.539	10.5447
102.6	10.4845
102.661	14.5337
102.722	14.7456
102.783	15.6247
102.844	14.0284
102.905	13.2259
102.966	8.10148
103.027	6.93254
103.088	7.9103
103.149	10.5489
103.21	15.1868
103.271	16.2987
103.333	18.2032
103.394	16.1789
103.455	14.9986
103.516	11.4881
103.577	10.4485
103.638	7.94911
103.699	8.00929
103.76	5.56731
103.821	5.25815
103.882	8.86201
103.943	10.9945
104.004	14.339
104.065	14.9162
104.126	15.607
104.187	12.6401
104.248	13.5167
104.309	10.9108
104.37	11.4624
104.431	12.2723
104.492	13.6957
104.553	13.5335
104.614	13.7419
104.675	13.5853
104.736	13.88
104.797	13.1474
104.858	12.1947
104.919	13.0877
104.98	18.5733
105.042	16.9627
105.103	21.8747
105.164	24.6412
105.225	22.6378
105.286	18.1113
105.347	20.6141
105.408	16.0247
105.469	16.3607
105.53	19.0359
105.591	21.4154
105.652	17.9637
105.713	19.2841
105.774	15.3574
105.835	14.0914
105.896	10.8522
105.957	10.0076
106.018	7.93837
106.079	8.12966
106.14	7.90757
106.201	8.70867
106.262	9.96681
106.323	10.262
106.384	13.3682
106.445	13.6235
106.506	12.5638
106.567	13.1643
106.628	12.7115
106.689	10.273
106.75	8.84388
106.812	10.9582
106.873	13.055
106.934	14.2994
106.995	15.1862
107.056	15.6525
107.117	15.2818
107.178	12.446
107.239	11.489
107.3	9.57073
107.361	10.5323
107.422	8.93709
107.483	10.6311
107.544	12.458
107.605	11.9088
107.666	12.1061
107.727	14.8171
107.788	14.9988
107.849	12.7917
107.91	15.8131
107.971	14.2802
108.032	12.6762
108.093	12.2295
108.154	13.8135
108.215	11.3851
108.276	12.3317
108.337	13.6926
108.398	13.1416
108.459	12.1977
108.521	11.9641
108.582	11.3956
108.643	9.6804
108.704	8.37792
108.765	7.39473
108.826	7.24032
108.887	7.1367
108.948	6.42528
109.009	6.56799
109.07	6.83856
109.131	7.27033
109.192	7.32091
109.253	7.42942
109.314	9.05708
109.375	8.43298
109.436	7.40719
109.497	7.20115
109.558	6.98987
109.619	4.81262
109.68	6.41755
109.741	7.28485
109.802	8.94574
109.863	9.52601
109.924	9.78476
109.985	9.48477
110.046	9.94302
110.107	9.99554
110.168	9.40433
110.229	9.39233
110.291	9.472
110.352	8.13389
110.413	7.29133
110.474	7.25915
110.535	8.20955
110.596	8.30341
110.657	8.4606
110.718	7.17095
110.779	6.14934
110.84	6.30628
110.901	4.95641
110.962	5.64629
111.023	6.31702
111.084	7.99843
111.145	6.60117
111.206	6.21028
111.267	6.54421
111.328	6.16309
111.389	4.69849
111.45	6.38084
111.511	6.84148
111.572	6.46648
111.633	5.94611
111.694	6.74382
111.755	6.16392
111.816	6.16061
111.877	7.38712
111.938	8.03153
112	10.0959
112.061	9.6247
112.122	10.2431
112.183	8.38061
112.244	8.28947
112.305	5.99808
112.366	5.25693
112.427	5.28923
112.488	6.49401
112.549	7.16446
112.61	7.70209
112.671	9.29383
112.732	9.89606
112.793	9.7821
112.854	9.10214
112.915	9.97214
112.976	9.4127
113.037	8.55379
113.098	8.78708
113.159	10.9302
113.22	11.1962
113.281	11.3108
113.342	10.5587
113.403	9.29995
113.464	7.71091
113.525	8.37358
113.586	7.92012
113.647	10.9083
113.708	11.3346
113.77	11.7494
113.831	12.834
113.892	12.3457
113.953	9.96983
114.014	10.9158
114.075	10.578
114.136	9.04078
114.197	9.03461
114.258	12.5516
114.319	12.7064
114.38	12.5965
114.441	11.1511
114.502	13.0708
114.563	9.89601
114.624	11.6266
114.685	11.6976
114.746	13.8811
114.807	12.1597
114.868	12.9868
114.929	12.7882
114.99	12.8336
115.051	11.5943
115.112	11.5516
115.173	11.2745
115.234	9.83164
115.295	11.104
115.356	12.4173
115.417	13.403
115.479	13.0516
115.54	11.719
115.601	13.5512
115.662	12.4317
115.723	13.7498
115.784	14.3981
115.845	15.9932
115.906	14.9616
115.967	15.4802
116.028	17.5109
116.089	17.7154
116.15	17.1246
116.211	14.7898
116.272	14.2978
116.333	9.61519
116.394	8.64539
116.455	10.6043
116.516	13.2215
116.577	13.2896
116.638	14.3714
116.699	16.7592
116.76	14.1241
116.821	12.6411
116.882	12.8133
116.943	13.5454
117.004	11.5132
117.065	13.8384
117.126	13.1998
117.188	15.814
117.249	15.0311
117.31	16.0805
117.371	18.4171
117.432	17.8927
117.493	13.4794
117.554	14.6571
117.615	13.4073
117.676	8.95787
117.737	20.1617
117.798	21.1644
117.859	24.3532
117.92	24.99
117.981	26.2035
118.042	18.3167
118.103	18.4768
118.164	13.7786
118.225	16.376
118.286	14.864
118.347	12.0876
118.408	14.5742
118.469	15.1348
118.53	11.2907
118.591	12.9322
118.652	15.2525
118.713	14.2948
118.774	15.6153
118.835	17.8701
118.896	18.4885
118.958	17.3555
119.019	19.4452
119.08	18.2091
119.141	17.7399
119.202	15.0658
119.263	13.874
119.324	8.47237
119.385	7.26779
119.446	5.51818
119.507	6.98609
119.568	7.45914
119.629	8.53822
119.69	9.32299
119.751	9.61285
119.812	9.40915
119.873	9.51569
119.934	8.04955
119.995	12.1057
120.056	11.3468
120.117	11.5505
120.178	10.2778
120.239	12.3207
120.3	10.4614
120.361	10.5794
120.422	10.5115
120.483	11.3255
120.544	10.4597
120.605	10.0568
120.667	10.049
120.728	10.763
120.789	10.7118
120.85	11.5634
120.911	9.5197
120.972	9.9969
121.033	8.42719
121.094	8.55099
121.155	7.47225
121.216	9.04352
121.277	9.1676
121.338	11.0861
121.399	11.7008
121.46	13.9273
121.521	12.6238
121.582	11.8611
121.643	11.0274
121.704	8.87398
121.765	6.28123
121.826	6.18275
121.887	6.99933
121.948	6.06307
122.009	10.0743
122.07	11.3439
122.131	10.603
122.192	12.1678
122.253	11.8919
122.314	8.88107
122.375	7.92213
122.437	8.17199
122.498	8.12262
122.559	8.69407
122.62	8.38569
122.681	10.7845
122.742	10.0864
122.803	9.23413
122.864	10.6146
122.925	11.0388
122.986	8.93791
123.047	10.1631
123.108	10.3698
123.169	13.6796
123.23	12.8768
123.291	12.4889
123.352	12.6151
123.413	10.881
123.474	6.7705
123.535	6.23263
123.596	5.78582
123.657	5.73127
123.718	7.80279
123.779	6.2085
123.84	6.8764
123.901	7.7945
123.962	8.10255
124.023	6.79727
124.084	8.36408
124.146	8.58454
124.207	7.59016
124.268	7.4409
124.329	7.05241
124.39	6.97976
124.451	7.19786
124.512	8.13993
124.573	7.74138
124.634	9.28746
124.695	10.2915
124.756	9.39364
124.817	7.83814
124.878	6.47428
