0.000000	1.3461302626e-01
0.061035	1.1584456588e-01
0.122070	4.6091825701e-02
0.183105	2.4393624602e-02
0.244141	1.8398972139e-02
0.305176	9.3380947250e-03
0.366211	6.4462674559e-03
0.427246	5.4466750033e-03
0.488281	3.5187052915e-03
0.549316	2.4941876508e-03
0.610352	1.7980358450e-03
0.671387	1.6121825649e-03
0.732422	1.7152851135e-03
0.793457	1.5395988960e-03
0.854492	1.3149624299e-03
0.915527	1.3838794063e-03
0.976562	1.4672136501e-03
1.037598	1.3722695869e-03
1.098633	1.3900456774e-03
1.159668	1.5897167598e-03
1.220703	1.6381360487e-03
1.281738	1.4398818319e-03
1.342773	1.3757992652e-03
1.403809	1.2623383409e-03
1.464844	1.1460898625e-03
1.525879	9.2050450491e-04
1.586914	1.1272738464e-03
1.647949	1.2929804868e-03
1.708984	1.2145882644e-03
1.770020	1.1584068558e-03
1.831055	1.3104195212e-03
1.892090	1.1727260318e-03
1.953125	1.0004098227e-03
2.014160	1.0267762462e-03
2.075195	1.0502026803e-03
2.136230	8.5338465764e-04
2.197266	7.8024420619e-04
2.258301	8.8356812194e-04
2.319336	8.6418067719e-04
2.380371	9.0789548145e-04
2.441406	1.0978661373e-03
2.502441	1.1051167638e-03
2.563477	8.5277595460e-04
2.624512	8.3646563390e-04
2.685547	8.9538526637e-04
2.746582	6.8075533846e-04
2.807617	7.3273058258e-04
2.868652	8.8041741955e-04
2.929688	9.4787240588e-04
2.990723	7.9554711868e-04
3.051758	8.0865164079e-04
3.112793	7.4099556997e-04
3.173828	8.1156724967e-04
3.234863	7.3483983605e-04
3.295898	6.6919583429e-04
3.356934	6.6982037180e-04
3.417969	6.1149299803e-04
3.479004	5.1068157160e-04
3.540039	6.7315620561e-04
3.601074	6.5339819053e-04
3.662109	8.0310544297e-04
3.723145	8.2460959116e-04
3.784180	8.0235790791e-04
3.845215	6.3904832863e-04
3.906250	7.7400802530e-04
3.967285	6.6023707717e-04
4.028320	7.1954889865e-04
4.089355	8.5397534051e-04
4.150391	8.3163506338e-04
4.211426	8.0091056427e-04
4.272461	9.1495354111e-04
4.333496	1.0071189856e-03
4.394531	8.7754392812e-04
4.455566	8.5514442484e-04
4.516602	1.1607050781e-03
4.577637	1.1074371308e-03
4.638672	9.8897268163e-04
4.699707	1.2347337829e-03
4.760742	1.3631237732e-03
4.821777	1.1981318722e-03
4.882812	1.1335740266e-03
4.943848	1.2197260138e-03
5.004883	1.0182068189e-03
5.065918	8.8294510979e-04
5.126953	8.4539260338e-04
5.187988	1.0360241824e-03
5.249023	8.8729539149e-04
5.310059	7.5822839691e-04
5.371094	7.8300236556e-04
5.432129	6.1357761617e-04
5.493164	3.9050941765e-04
5.554199	4.9726666541e-04
5.615234	5.7799200954e-04
5.676270	5.8274208659e-04
5.737305	7.1896199923e-04
5.798340	9.3713953309e-04
5.859375	8.7671081731e-04
5.920410	9.5415700222e-04
5.981445	1.1250682852e-03
6.042480	1.1037817705e-03
6.103516	9.3878173547e-04
6.164551	1.1446326686e-03
6.225586	1.1118623557e-03
6.286621	9.2346756768e-04
6.347656	9.1832106918e-04
6.408691	8.7075698579e-04
6.469727	6.4356015082e-04
6.530762	6.6166268529e-04
6.591797	6.3513994340e-04
6.652832	4.9444582230e-04
6.713867	5.0393518572e-04
6.774902	6.7683070813e-04
6.835938	5.6159157589e-04
6.896973	5.6401396464e-04
6.958008	6.9611986431e-04
7.019043	7.3860993696e-04
7.080078	5.7494137905e-04
7.141113	6.4456577505e-04
7.202148	6.9166583411e-04
7.263184	5.3664726250e-04
7.324219	6.3385121876e-04
7.385254	7.7887892565e-04
7.446289	6.9995417853e-04
7.507324	9.1516307414e-04
7.568359	1.0096246894e-03
7.629395	9.2456436570e-04
7.690430	8.3745085849e-04
7.751465	8.8776709109e-04
7.812500	7.4149916643e-04
7.873535	7.1007884382e-04
7.934570	6.4733334800e-04
7.995605	5.6440008795e-04
8.056641	8.0105343998e-04
8.117676	8.0095456570e-04
8.178711	9.1070461363e-04
8.239746	8.5819946128e-04
8.300781	9.1483303194e-04
8.361816	6.7934191328e-04
8.422852	6.4429641120e-04
8.483887	6.0693008212e-04
8.544922	6.6161998100e-04
8.605957	8.8384871678e-04
8.666992	9.4783872587e-04
8.728027	1.0401947739e-03
8.789062	1.0133737275e-03
8.850098	1.2445986284e-03
8.911133	1.1440141228e-03
8.972168	1.1259075780e-03
9.033203	1.0297130598e-03
9.094238	9.6211437016e-04
9.155273	8.7540463206e-04
9.216309	7.9813253117e-04
9.277344	8.7604659144e-04
9.338379	8.6323821376e-04
9.399414	9.9343379487e-04
9.460449	9.9201466393e-04
9.521484	1.0570356444e-03
9.582520	8.4018514552e-04
9.643555	8.6540989133e-04
9.704590	7.6276201962e-04
9.765625	6.5808064301e-04
9.826660	5.9592177939e-04
9.887695	6.3560153191e-04
9.948730	7.4842905856e-04
10.009766	7.2943752328e-04
10.070801	7.2093824969e-04
10.131836	6.2477042054e-04
10.192871	6.1223292426e-04
10.253906	6.1926375829e-04
10.314941	6.5937026069e-04
10.375977	7.2846630172e-04
10.437012	8.1099469292e-04
10.498047	8.4390923421e-04
10.559082	7.1716515237e-04
10.620117	8.3201674129e-04
10.681152	1.0203428632e-03
10.742188	1.0100669553e-03
10.803223	1.0023205854e-03
10.864258	9.9507847556e-04
10.925293	8.7088318787e-04
10.986328	7.3216728451e-04
11.047363	8.1162223042e-04
11.108398	8.1790484303e-04
11.169434	8.1375146904e-04
11.230469	7.8084756891e-04
11.291504	6.2699507954e-04
11.352539	4.5992523304e-04
11.413574	6.1930554510e-04
11.474609	6.8961230770e-04
11.535645	1.0587856019e-03
11.596680	1.1708652568e-03
11.657715	1.4877054077e-03
11.718750	1.3523279222e-03
11.779785	1.4515367899e-03
11.840820	1.2293773201e-03
11.901855	1.1846002506e-03
11.962891	9.9422567288e-04
12.023926	1.0312577132e-03
12.084961	8.6250502594e-04
12.145996	7.0137282834e-04
12.207031	9.3833940827e-04
12.268066	8.5661179459e-04
12.329102	8.3381477644e-04
12.390137	8.3059761780e-04
12.451172	1.0370138604e-03
12.512207	7.7380367472e-04
12.573242	8.1194204720e-04
12.634277	9.1167169694e-04
12.695312	9.2043135213e-04
12.756348	8.0360034513e-04
12.817383	9.4067896786e-04
12.878418	1.1690328051e-03
12.939453	1.1174328932e-03
13.000488	1.1136822282e-03
13.061523	1.1279801007e-03
13.122559	1.0331048383e-03
13.183594	1.0543243043e-03
13.244629	9.4644222256e-04
13.305664	9.8757889687e-04
13.366699	9.3941373808e-04
13.427734	8.8538613234e-04
13.488770	6.7579977843e-04
13.549805	9.3243414189e-04
13.610840	8.8562695570e-04
13.671875	8.9382616950e-04
13.732910	8.1887230308e-04
13.793945	7.6980093007e-04
13.854980	6.8439593947e-04
13.916016	7.4565621387e-04
13.977051	7.5731275196e-04
14.038086	7.5549101164e-04
14.099121	7.4672587160e-04
14.160156	5.8329442747e-04
14.221191	4.8425021118e-04
14.282227	5.0285411194e-04
14.343262	6.4875135120e-04
14.404297	6.8933754005e-04
14.465332	8.8842858570e-04
14.526367	1.2838801143e-03
14.587402	1.2253840786e-03
14.648438	1.1695653670e-03
14.709473	1.3295262703e-03
14.770508	1.1305061691e-03
14.831543	7.7124505794e-04
14.892578	8.3905543222e-04
14.953613	1.1413770120e-03
15.014648	1.2434809151e-03
15.075684	1.2968995681e-03
15.136719	1.2349463620e-03
15.197754	1.1347755232e-03
15.258789	8.4625547032e-04
15.319824	5.2299705378e-04
15.380859	6.1583968524e-04
15.441895	7.1629232575e-04
15.502930	9.1824718632e-04
15.563965	9.6493691625e-04
15.625000	1.0859503620e-03
15.686035	1.1517590623e-03
15.747070	1.2557187293e-03
15.808105	1.0316902846e-03
15.869141	9.4321326650e-04
15.930176	8.4743894779e-04
15.991211	6.5933767173e-04
16.052246	6.0634165949e-04
16.113281	7.3246411804e-04
16.174316	9.4052939822e-04
16.235352	9.4037867017e-04
16.296387	9.0539408226e-04
16.357422	7.8397919087e-04
16.418457	6.9567557141e-04
16.479492	5.8697805885e-04
16.540527	4.8204499879e-04
16.601562	9.3679990439e-04
16.662598	1.0262630409e-03
16.723633	1.0881158187e-03
16.784668	1.0174274704e-03
16.845703	1.0582014479e-03
16.906738	7.5397978565e-04
16.967773	7.4954039907e-04
17.028809	6.8232690337e-04
17.089844	7.6904143314e-04
17.150879	9.1926604395e-04
17.211914	8.0815536720e-04
17.272949	7.4064097675e-04
17.333984	8.9366728164e-04
17.395020	1.0150832188e-03
17.456055	9.1941719483e-04
17.517090	1.0389435073e-03
17.578125	1.0445739079e-03
17.639160	1.0317955699e-03
17.700195	8.3504438350e-04
17.761230	9.8356746141e-04
17.822266	9.5235175318e-04
17.883301	9.3548699246e-04
17.944336	9.7299485460e-04
18.005371	9.6829331626e-04
18.066406	9.0417824922e-04
18.127441	9.1532382683e-04
18.188477	9.0111697762e-04
18.249512	1.1401312054e-03
18.310547	1.2372575067e-03
18.371582	1.2678102849e-03
18.432617	1.2614729354e-03
18.493652	1.7106097128e-03
18.554688	1.5297109432e-03
18.615723	1.4600195035e-03
18.676758	1.3833011962e-03
18.737793	1.3093276269e-03
18.798828	9.5705861845e-04
18.859863	9.3174403918e-04
18.920898	9.1844443657e-04
18.981934	9.1937908890e-04
19.042969	9.5249883192e-04
19.104004	9.2189428230e-04
19.165039	8.6188928849e-04
19.226074	8.5895744173e-04
19.287109	1.0940691627e-03
19.348145	1.1408851897e-03
19.409180	1.1375899640e-03
19.470215	1.0214762102e-03
19.531250	1.1099381310e-03
19.592285	8.9171350892e-04
19.653320	7.9949894016e-04
19.714355	8.2597358844e-04
19.775391	1.0395940382e-03
19.836426	1.0032603418e-03
19.897461	9.0719503245e-04
19.958496	9.3828857472e-04
20.019531	9.9562200051e-04
20.080566	8.8388480034e-04
20.141602	8.6301903622e-04
20.202637	1.1017553015e-03
20.263672	1.1885165248e-03
20.324707	1.0860473225e-03
20.385742	1.2860944444e-03
20.446777	1.3313870888e-03
20.507812	1.1813097088e-03
20.568848	1.2091854658e-03
20.629883	1.2377476413e-03
20.690918	9.4010706151e-04
20.751953	1.1133197028e-03
20.812988	1.0721455745e-03
20.874023	1.0225035464e-03
20.935059	1.0905353012e-03
20.996094	1.0726855807e-03
21.057129	7.9988426725e-04
21.118164	8.1627853693e-04
21.179199	9.3830501768e-04
21.240234	8.8390345096e-04
21.301270	1.0904114295e-03
21.362305	1.3737363848e-03
21.423340	1.4779600566e-03
21.484375	1.2843212103e-03
21.545410	1.4741165981e-03
21.606445	1.3932526986e-03
21.667480	1.2312373434e-03
21.728516	1.1250928019e-03
21.789551	1.0980047608e-03
21.850586	9.7893146067e-04
21.911621	8.5691620460e-04
21.972656	7.4897773518e-04
22.033691	7.9881511962e-04
22.094727	8.5877542484e-04
22.155762	9.8267619631e-04
22.216797	1.3855970283e-03
22.277832	1.5471197859e-03
22.338867	1.9949929430e-03
22.399902	2.1990268744e-03
22.460938	2.0903741964e-03
22.521973	2.0857356921e-03
22.583008	1.8995874271e-03
22.644043	1.4129679801e-03
22.705078	1.2194475885e-03
22.766113	1.3040340429e-03
22.827148	1.1815418198e-03
22.888184	1.3415243412e-03
22.949219	1.4222628722e-03
23.010254	1.4905089611e-03
23.071289	1.3289330341e-03
23.132324	1.2758201248e-03
23.193359	1.3581263658e-03
23.254395	1.3985391246e-03
23.315430	1.3477159058e-03
23.376465	1.4723078255e-03
23.437500	1.2768361512e-03
23.498535	1.0148444180e-03
23.559570	1.1008673715e-03
23.620605	1.4427188935e-03
23.681641	1.2807606670e-03
23.742676	1.4311423735e-03
23.803711	1.4471019238e-03
23.864746	1.2359214591e-03
23.925781	7.6384176461e-04
23.986816	7.7248232467e-04
24.047852	6.6919637687e-04
24.108887	6.3173025634e-04
24.169922	6.1612572777e-04
24.230957	8.2135952223e-04
24.291992	1.1284807754e-03
24.353027	1.0773150598e-03
24.414062	1.2122066991e-03
24.475098	1.1982544066e-03
24.536133	1.2957865692e-03
24.597168	1.1723169201e-03
24.658203	1.1287084382e-03
24.719238	1.1557344657e-03
24.780273	1.2031180594e-03
24.841309	1.0492803430e-03
24.902344	8.2251282953e-04
24.963379	9.1712949366e-04
25.024414	8.1734302567e-04
25.085449	1.1054129913e-03
25.146484	1.0179311336e-03
25.207520	1.1060310771e-03
25.268555	1.1617059726e-03
25.329590	1.3206409476e-03
25.390625	1.0178929252e-03
25.451660	9.8482306011e-04
25.512695	1.2052398552e-03
25.573730	1.1543090568e-03
25.634766	1.0897743379e-03
25.695801	1.2299473712e-03
25.756836	1.2843694105e-03
25.817871	1.1682696653e-03
25.878906	1.0870382312e-03
25.939941	1.0840538294e-03
26.000977	8.4445422568e-04
26.062012	9.4235303309e-04
26.123047	8.0224763760e-04
26.184082	1.3039182168e-03
26.245117	1.3581388572e-03
26.306152	1.6444904223e-03
26.367188	1.7099367440e-03
26.428223	2.0684577848e-03
26.489258	1.6251683456e-03
26.550293	1.6101429923e-03
26.611328	1.4207378192e-03
26.672363	1.2461008194e-03
26.733398	1.0678598390e-03
26.794434	1.0244642744e-03
26.855469	9.4533923385e-04
26.916504	9.4797391819e-04
26.977539	1.2356076453e-03
27.038574	1.1040674593e-03
27.099609	1.0441394690e-03
27.160645	1.0519215757e-03
27.221680	1.1028115255e-03
27.282715	8.6189472026e-04
27.343750	9.1994178786e-04
27.404785	1.1363863368e-03
27.465820	1.2714153697e-03
27.526855	1.4032366904e-03
27.587891	1.5614534678e-03
27.648926	1.4415450529e-03
27.709961	1.3963173951e-03
27.770996	1.1404448024e-03
27.832031	1.1229989229e-03
27.893066	1.0269364369e-03
27.954102	9.4143550061e-04
28.015137	9.5987553020e-04
28.076172	1.3386604187e-03
28.137207	1.1823984809e-03
28.198242	1.2385437286e-03
28.259277	1.5909960420e-03
28.320312	1.6051599848e-03
28.381348	1.5108234498e-03
28.442383	1.7592831814e-03
28.503418	1.6662182575e-03
28.564453	1.4701045725e-03
28.625488	1.6659495352e-03
28.686523	1.4792598767e-03
28.747559	1.3563062137e-03
28.808594	1.2009417171e-03
28.869629	1.4848650293e-03
28.930664	1.0890629917e-03
28.991699	1.2072574941e-03
29.052734	1.1095994165e-03
29.113770	1.3065053923e-03
29.174805	1.0693974685e-03
29.235840	1.1351437554e-03
29.296875	1.2895366177e-03
29.357910	1.4328341129e-03
29.418945	1.2762108962e-03
29.479980	1.1129876801e-03
29.541016	1.1657890318e-03
29.602051	1.0418937042e-03
29.663086	9.6434534223e-04
29.724121	9.9884412949e-04
29.785156	1.0323285008e-03
29.846191	1.1626298963e-03
29.907227	1.2011454159e-03
29.968262	1.1165553300e-03
30.029297	1.3910288661e-03
30.090332	1.4234836937e-03
30.151367	1.3476676917e-03
30.212402	1.1821119720e-03
30.273438	1.3479479369e-03
30.334473	1.2235053293e-03
30.395508	1.2081388832e-03
30.456543	1.1104936702e-03
30.517578	1.0617136841e-03
30.578613	9.6846065023e-04
30.639648	9.3681182729e-04
30.700684	1.0865054515e-03
30.761719	1.0958865203e-03
30.822754	1.1604345838e-03
30.883789	1.3379224079e-03
30.944824	1.4455775345e-03
31.005859	1.4392079207e-03
31.066895	1.6432645544e-03
31.127930	1.5175249062e-03
31.188965	1.3407860903e-03
31.250000	1.2244271011e-03
31.311035	1.0401810069e-03
31.372070	8.6375992378e-04
31.433105	1.1019390095e-03
31.494141	9.1589348164e-04
31.555176	9.1465211014e-04
31.616211	9.2867180081e-04
31.677246	9.1809508586e-04
31.738281	7.4979680038e-04
31.799316	8.8378115632e-04
31.860352	7.9065617522e-04
31.921387	8.6977523476e-04
31.982422	8.7518486745e-04
32.043457	9.5232733947e-04
32.104492	8.8217491002e-04
32.165527	1.1111731089e-03
32.226562	1.4076503125e-03
32.287598	1.3646444056e-03
32.348633	1.2870949003e-03
32.409668	1.3684023163e-03
32.470703	1.0813560820e-03
32.531738	8.2199095452e-04
32.592773	7.8203869703e-04
32.653809	7.6052171159e-04
32.714844	6.1817225552e-04
32.775879	9.3893400951e-04
32.836914	8.6523726715e-04
32.897949	9.2858750187e-04
32.958984	1.0169891036e-03
33.020020	1.1482541565e-03
33.081055	1.0402487386e-03
33.142090	1.2168872078e-03
33.203125	1.1977616546e-03
33.264160	1.0990922065e-03
33.325195	1.1002912077e-03
33.386230	8.5952994978e-04
33.447266	6.8955888397e-04
33.508301	6.7114834896e-04
33.569336	9.2426281642e-04
33.630371	9.1324680556e-04
33.691406	1.1821242331e-03
33.752441	1.2377706366e-03
33.813477	1.2753438735e-03
33.874512	1.0970911792e-03
33.935547	1.0763166433e-03
33.996582	8.8934995277e-04
34.057617	7.9958515417e-04
34.118652	9.0737042401e-04
34.179688	8.6822081677e-04
34.240723	7.6955762178e-04
34.301758	9.7203779589e-04
34.362793	1.0864666284e-03
34.423828	9.7691479301e-04
34.484863	1.1223246537e-03
34.545898	1.2283418831e-03
34.606934	1.2605112701e-03
34.667969	1.3574139266e-03
34.729004	1.5167157031e-03
34.790039	1.5271640712e-03
34.851074	1.4768794582e-03
34.912109	1.2738340840e-03
34.973145	1.0129983436e-03
35.034180	9.5144409704e-04
35.095215	8.8660856841e-04
35.156250	1.0382354177e-03
35.217285	1.1424368571e-03
35.278320	1.1985878676e-03
35.339355	1.4334690135e-03
35.400391	1.5262743555e-03
35.461426	1.7551924314e-03
35.522461	2.0033698409e-03
35.583496	2.2657770453e-03
35.644531	2.0740869726e-03
35.705566	2.0266524515e-03
35.766602	2.0406968351e-03
35.827637	1.7836846568e-03
35.888672	1.6942890647e-03
35.949707	1.7666578309e-03
36.010742	1.7187409266e-03
36.071777	1.3839154753e-03
36.132812	1.6789199954e-03
36.193848	1.5065449320e-03
36.254883	1.3451756694e-03
36.315918	1.2551235497e-03
36.376953	1.3406808424e-03
36.437988	8.5279009824e-04
36.499023	1.0433750040e-03
36.560059	1.0066970223e-03
36.621094	1.2782047634e-03
36.682129	1.2127738254e-03
36.743164	1.6403140758e-03
36.804199	1.8691911662e-03
36.865234	2.0785152146e-03
36.926270	2.0331743216e-03
36.987305	2.0441583968e-03
37.048340	1.9417122246e-03
37.109375	1.5702577584e-03
37.170410	1.7283342822e-03
37.231445	1.5322188227e-03
37.292480	1.6951194348e-03
37.353516	1.5240761839e-03
37.414551	1.5548526176e-03
37.475586	1.2920592095e-03
37.536621	1.3587171930e-03
37.597656	1.3688284423e-03
37.658691	1.2816916897e-03
37.719727	1.5110331293e-03
37.780762	1.5024666124e-03
37.841797	1.7049977979e-03
37.902832	1.5883298239e-03
37.963867	1.6647892413e-03
38.024902	1.4586756847e-03
38.085938	1.5867449301e-03
38.146973	1.2905740647e-03
38.208008	1.2105543845e-03
38.269043	1.2598055019e-03
38.330078	1.2595154908e-03
38.391113	1.0784986557e-03
38.452148	1.4044072411e-03
38.513184	1.5883293421e-03
38.574219	1.6537644185e-03
38.635254	2.0939478094e-03
38.696289	2.4970743372e-03
38.757324	2.5638160877e-03
38.818359	2.3289936483e-03
38.879395	2.5629614471e-03
38.940430	2.1506770823e-03
39.001465	1.9960740468e-03
39.062500	1.7080105356e-03
39.123535	2.0701401258e-03
39.184570	1.7011413064e-03
39.245605	1.7556477532e-03
39.306641	1.5157450487e-03
39.367676	1.4150316368e-03
39.428711	1.1349965517e-03
39.489746	1.0873535885e-03
39.550781	9.3838411121e-04
39.611816	1.0959443199e-03
39.672852	1.3932953731e-03
39.733887	1.5365781680e-03
39.794922	1.8803605157e-03
39.855957	1.9330871910e-03
39.916992	2.2633835564e-03
39.978027	2.0965144565e-03
40.039062	1.9113186594e-03
40.100098	1.8512429580e-03
40.161133	2.0569620782e-03
40.222168	1.8705559316e-03
40.283203	1.9102179239e-03
40.344238	1.9674933360e-03
40.405273	1.6540435672e-03
40.466309	1.3522415421e-03
40.527344	1.1599243658e-03
40.588379	1.0603449815e-03
40.649414	1.2476092672e-03
40.710449	1.2364993580e-03
40.771484	1.4593997643e-03
40.832520	1.4094081835e-03
40.893555	1.4187702639e-03
40.954590	1.7408568976e-03
41.015625	2.3154921700e-03
41.076660	2.1229446703e-03
41.137695	2.0301270924e-03
41.198730	1.8506025553e-03
41.259766	1.2481974428e-03
41.320801	6.5000349528e-04
41.381836	6.5741361222e-04
41.442871	6.0962932132e-04
41.503906	8.4182299070e-04
41.564941	8.6047994164e-04
41.625977	9.0238303599e-04
41.687012	9.7112985002e-04
41.748047	1.1033597018e-03
41.809082	9.1667501452e-04
41.870117	1.2293367703e-03
41.931152	1.2148177005e-03
41.992188	1.2083724369e-03
42.053223	1.1773854381e-03
42.114258	1.3139264737e-03
42.175293	8.7099460452e-04
42.236328	1.0185650019e-03
42.297363	9.8099169181e-04
42.358398	9.6441432323e-04
42.419434	1.0525134362e-03
42.480469	1.3026318746e-03
42.541504	1.2693899460e-03
42.602539	1.3411926411e-03
42.663574	1.2808172737e-03
42.724609	1.2769561364e-03
42.785645	1.2591594935e-03
42.846680	1.2368301902e-03
42.907715	1.1631822783e-03
42.968750	1.4045508954e-03
43.029785	1.2423242347e-03
43.090820	1.4268869636e-03
43.151855	1.4083929718e-03
43.212891	1.6029654510e-03
43.273926	1.6259066394e-03
43.334961	1.5857158177e-03
43.395996	1.4409152329e-03
43.457031	1.4127587392e-03
43.518066	1.1741865105e-03
43.579102	9.3981739360e-04
43.640137	1.1958254143e-03
43.701172	1.4456867207e-03
43.762207	1.3806506190e-03
43.823242	1.6603205586e-03
43.884277	1.7145483160e-03
43.945312	1.4556359504e-03
44.006348	9.8710083582e-04
44.067383	9.8610681320e-04
44.128418	8.6653128758e-04
44.189453	7.6796491944e-04
44.250488	7.2668119460e-04
44.311523	1.1878512549e-03
44.372559	1.3017054476e-03
44.433594	1.5316286728e-03
44.494629	1.6125730346e-03
44.555664	1.7298621614e-03
44.616699	1.4668492992e-03
44.677734	1.4764315856e-03
44.738770	2.2489252774e-03
44.799805	2.3381370228e-03
44.860840	3.0637575755e-03
44.921875	3.1713578769e-03
44.982910	3.1659303942e-03
45.043945	1.9451532309e-03
45.104980	1.8903629115e-03
45.166016	1.1081995684e-03
45.227051	9.5166756575e-04
45.288086	9.6298881021e-04
45.349121	1.1289777933e-03
45.410156	1.1587128239e-03
45.471191	1.2072691631e-03
45.532227	1.1359986552e-03
45.593262	1.1169633291e-03
45.654297	1.0948204860e-03
45.715332	1.0206241018e-03
45.776367	1.2203812642e-03
45.837402	1.5047847057e-03
45.898438	1.6390368003e-03
45.959473	1.6406570921e-03
46.020508	1.6567784301e-03
46.081543	1.5171729751e-03
46.142578	1.3562810629e-03
46.203613	1.2876683378e-03
46.264648	1.4691949002e-03
46.325684	1.4698418952e-03
46.386719	1.3932008007e-03
46.447754	1.2612493003e-03
46.508789	1.1509391708e-03
46.569824	9.9799167624e-04
46.630859	1.3658105022e-03
46.691895	1.6380428751e-03
46.752930	2.0208460713e-03
46.813965	2.0015207898e-03
46.875000	1.9317184673e-03
46.936035	1.8018265314e-03
46.997070	1.5970931126e-03
47.058105	1.2700157851e-03
47.119141	1.4572672648e-03
47.180176	1.4055427504e-03
47.241211	1.0134796408e-03
47.302246	1.2501902455e-03
47.363281	1.2869238035e-03
47.424316	1.4201503480e-03
47.485352	1.6302894893e-03
47.546387	1.7690050903e-03
47.607422	1.5916847911e-03
47.668457	1.7064602276e-03
47.729492	1.7726742967e-03
47.790527	1.5412336988e-03
47.851562	1.6728627642e-03
47.912598	1.5305949289e-03
47.973633	1.5980483251e-03
48.034668	1.2557887478e-03
48.095703	1.3372897401e-03
48.156738	1.2015301253e-03
48.217773	1.2128329835e-03
48.278809	1.0786741428e-03
48.339844	1.0207745635e-03
48.400879	1.0165755426e-03
48.461914	1.1002203799e-03
48.522949	1.0408338382e-03
48.583984	8.5578307959e-04
48.645020	8.7161833338e-04
48.706055	9.0889409133e-04
48.767090	8.7825590567e-04
48.828125	8.6098385901e-04
48.889160	1.1345910991e-03
48.950195	1.0793461156e-03
49.011230	1.3093034480e-03
49.072266	1.3910416414e-03
49.133301	1.4205259384e-03
49.194336	1.7775322234e-03
49.255371	2.0440229426e-03
49.316406	2.0887322860e-03
49.377441	2.8001045060e-03
49.438477	3.7704569951e-03
49.499512	3.9097509555e-03
49.560547	5.9161979641e-03
49.621582	8.1395814721e-03
49.682617	2.5145680605e-02
49.743652	5.6106101826e-02
49.804688	7.1898447557e-02
49.865723	7.1604300864e-02
49.926758	7.0063508426e-02
49.987793	5.2604755398e-02
50.048828	2.1396400772e-02
50.109863	5.1136854513e-03
50.170898	3.4722813589e-03
50.231934	2.6088990488e-03
50.292969	2.4296112709e-03
50.354004	1.8186742847e-03
50.415039	1.8910654949e-03
50.476074	1.5900980244e-03
50.537109	1.4492079431e-03
50.598145	1.2626223063e-03
50.659180	1.3296233258e-03
50.720215	1.0262277213e-03
50.781250	1.1040975484e-03
50.842285	1.2489098357e-03
50.903320	1.1592994878e-03
50.964355	1.1349510906e-03
51.025391	1.2438787893e-03
51.086426	1.2830204725e-03
51.147461	1.2280908360e-03
51.208496	1.4147940786e-03
51.269531	1.4279987670e-03
51.330566	1.3570848484e-03
51.391602	1.3298161708e-03
51.452637	1.2166721401e-03
51.513672	1.0960905100e-03
51.574707	9.3131085872e-04
51.635742	8.2664794249e-04
51.696777	7.8371219898e-04
51.757812	7.6335677621e-04
51.818848	8.2857435896e-04
51.879883	9.2336522196e-04
51.940918	1.1751553442e-03
52.001953	1.2854495754e-03
52.062988	1.3524749657e-03
52.124023	1.5782893425e-03
52.185059	1.7621051378e-03
52.246094	1.7578262649e-03
52.307129	1.6612199493e-03
52.368164	1.6785978722e-03
52.429199	1.4692280737e-03
52.490234	1.9032863669e-03
52.551270	1.9930551284e-03
52.612305	2.3472107651e-03
52.673340	2.3582975975e-03
52.734375	2.7751954151e-03
52.795410	2.7836528105e-03
52.856445	2.7191707923e-03
52.917480	2.8025907535e-03
52.978516	3.0849821422e-03
53.039551	2.6304043836e-03
53.100586	2.2695355248e-03
53.161621	2.4424410617e-03
53.222656	2.1181230229e-03
53.283691	1.7763274857e-03
53.344727	1.6926692348e-03
53.405762	1.3394929984e-03
53.466797	9.3994476366e-04
53.527832	7.6905316307e-04
53.588867	6.9126038352e-04
53.649902	6.8157924269e-04
53.710938	8.7614277309e-04
53.771973	1.0136306850e-03
53.833008	9.9057499792e-04
53.894043	1.1250744628e-03
53.955078	1.1478519107e-03
54.016113	9.5223750338e-04
54.077148	8.3116943774e-04
54.138184	9.2377014693e-04
54.199219	8.7445235251e-04
54.260254	1.1373388176e-03
54.321289	1.5070640509e-03
54.382324	1.5905292277e-03
54.443359	1.5378509612e-03
54.504395	1.7533251685e-03
54.565430	1.5249514558e-03
54.626465	1.2927841913e-03
54.687500	1.2398666695e-03
54.748535	1.5276301340e-03
54.809570	1.3955088806e-03
54.870605	1.2420366397e-03
54.931641	1.1613239801e-03
54.992676	1.1523024976e-03
55.053711	1.0028920239e-03
55.114746	8.8279046970e-04
55.175781	1.2371210428e-03
55.236816	1.1141841742e-03
55.297852	1.3446183049e-03
55.358887	1.1871374515e-03
55.419922	1.3324158886e-03
55.480957	1.0354478348e-03
55.541992	1.4008776295e-03
55.603027	1.1630537362e-03
55.664062	1.3740174002e-03
55.725098	1.4818258816e-03
55.786133	1.4576985117e-03
55.847168	1.4345401767e-03
55.908203	1.5186730616e-03
55.969238	1.3078647904e-03
56.030273	1.0308050192e-03
56.091309	1.0221329804e-03
56.152344	7.3188304901e-04
56.213379	6.1482617589e-04
56.274414	7.2719504969e-04
56.335449	7.1647973645e-04
56.396484	7.7349192819e-04
56.457520	7.7485447384e-04
56.518555	7.7296318956e-04
56.579590	7.6010234195e-04
56.640625	1.1166969217e-03
56.701660	1.3209225454e-03
56.762695	1.3867358447e-03
56.823730	1.6609630118e-03
56.884766	1.9951017003e-03
56.945801	1.6227802506e-03
57.006836	1.5529213215e-03
57.067871	1.5096153502e-03
57.128906	1.5673624623e-03
57.189941	1.1396630803e-03
57.250977	1.5523462411e-03
57.312012	1.5787622367e-03
57.373047	2.2700842371e-03
57.434082	2.2654180418e-03
57.495117	2.5021250200e-03
57.556152	2.5255488813e-03
57.617188	2.3824031093e-03
57.678223	1.9549838963e-03
57.739258	1.6417744579e-03
57.800293	1.4910556180e-03
57.861328	1.2080005731e-03
57.922363	1.3619723181e-03
57.983398	1.2177050915e-03
58.044434	1.2356503930e-03
58.105469	1.1825446158e-03
58.166504	1.1011497233e-03
58.227539	8.6461954019e-04
58.288574	7.5892333740e-04
58.349609	7.6471999017e-04
58.410645	7.3379138618e-04
58.471680	6.7073442476e-04
58.532715	1.0164414510e-03
58.593750	1.1314012215e-03
58.654785	1.2077684561e-03
58.715820	1.3134531589e-03
58.776855	1.3969934980e-03
58.837891	1.2296660071e-03
58.898926	1.3721994904e-03
58.959961	1.6068928579e-03
59.020996	1.4209257063e-03
59.082031	1.6767507552e-03
59.143066	1.6514005561e-03
59.204102	1.3733033332e-03
59.265137	1.0838193115e-03
59.326172	1.5636917709e-03
59.387207	1.3515225416e-03
59.448242	1.3261282085e-03
59.509277	1.3490683925e-03
59.570312	1.6793639938e-03
59.631348	1.3683580537e-03
59.692383	1.4870150529e-03
59.753418	1.5855000367e-03
59.814453	1.6335703641e-03
59.875488	1.5185594816e-03
59.936523	1.6231855731e-03
59.997559	1.4392837918e-03
60.058594	1.4580338737e-03
60.119629	1.6099405759e-03
60.180664	1.6867906663e-03
60.241699	1.5264591221e-03
60.302734	1.5117262614e-03
60.363770	1.6978751755e-03
60.424805	1.9967951770e-03
60.485840	1.9505063847e-03
60.546875	2.0631688086e-03
60.607910	2.5055262897e-03
60.668945	2.1771641837e-03
60.729980	1.9360252139e-03
60.791016	1.7007178842e-03
60.852051	1.5568396906e-03
60.913086	1.2300652495e-03
60.974121	1.4220528197e-03
61.035156	1.3943537853e-03
61.096191	1.4015888470e-03
61.157227	1.4398606360e-03
61.218262	1.3452274202e-03
61.279297	1.5362746022e-03
61.340332	1.2288470971e-03
61.401367	1.7473323392e-03
61.462402	2.7262486261e-03
61.523438	3.3814079075e-03
61.584473	3.3341996303e-03
61.645508	3.5598133908e-03
61.706543	3.1255356672e-03
61.767578	2.1313016360e-03
61.828613	1.4948490235e-03
61.889648	1.3927463010e-03
61.950684	1.2070801113e-03
62.011719	1.2272271481e-03
62.072754	1.4753409559e-03
62.133789	1.7092636546e-03
62.194824	1.7029247666e-03
62.255859	1.8864707761e-03
62.316895	1.8339703828e-03
62.377930	1.9026348047e-03
62.438965	1.6484282561e-03
62.500000	1.3755274325e-03
62.561035	1.4423906445e-03
62.622070	1.7999398202e-03
62.683105	1.8113143891e-03
62.744141	1.8680739337e-03
62.805176	2.0779212306e-03
62.866211	1.9398826891e-03
62.927246	1.6498519846e-03
62.988281	1.4811883392e-03
63.049316	1.5098279003e-03
63.110352	1.9184507586e-03
63.171387	1.8484563493e-03
63.232422	1.8993383381e-03
63.293457	1.8832006502e-03
63.354492	1.7209722582e-03
63.415527	1.1805504858e-03
63.476562	1.1196913549e-03
63.537598	9.5528388188e-04
63.598633	9.7739199151e-04
63.659668	1.2593957110e-03
63.720703	1.4534978587e-03
63.781738	1.6983407553e-03
63.842773	2.0232709116e-03
63.903809	2.2498330526e-03
63.964844	2.0911600823e-03
64.025879	2.0770857724e-03
64.086914	1.8681241072e-03
64.147949	1.6219087554e-03
64.208984	1.3190053459e-03
64.270020	1.4394531339e-03
64.331055	1.1734899116e-03
64.392090	1.2134065871e-03
64.453125	9.9329979442e-04
64.514160	1.1577657489e-03
64.575195	1.2462350771e-03
64.636230	1.4190191646e-03
64.697266	1.8678753723e-03
64.758301	2.1220375788e-03
64.819336	1.9470781546e-03
64.880371	1.7103214931e-03
64.941406	1.6928258887e-03
65.002441	1.6707616233e-03
65.063477	1.6316531450e-03
65.124512	1.5202120211e-03
65.185547	1.5633216048e-03
65.246582	1.3823330468e-03
65.307617	1.0187843235e-03
65.368652	9.7149547964e-04
65.429688	1.0332069921e-03
65.490723	1.1440115443e-03
65.551758	1.3553163953e-03
65.612793	1.4140870908e-03
65.673828	1.2932642318e-03
65.734863	1.5188454336e-03
65.795898	1.2777526098e-03
65.856934	1.3487463402e-03
65.917969	1.4601351494e-03
65.979004	1.6667501757e-03
66.040039	1.3595986674e-03
66.101074	1.4633297179e-03
66.162109	1.3417141159e-03
66.223145	1.2033169865e-03
66.284180	9.3480132858e-04
66.345215	1.1346811572e-03
66.406250	1.0661362207e-03
66.467285	9.0069963364e-04
66.528320	9.2931684825e-04
66.589355	1.1371090967e-03
66.650391	9.0062700367e-04
66.711426	9.9420615950e-04
66.772461	1.1557494528e-03
66.833496	9.3761813053e-04
66.894531	9.5758226036e-04
66.955566	9.8243771049e-04
67.016602	1.0719323846e-03
67.077637	9.0632828639e-04
67.138672	8.8162084293e-04
67.199707	7.9132958140e-04
67.260742	1.0101318514e-03
67.321777	7.9892319614e-04
67.382812	9.2697998558e-04
67.443848	1.0691895692e-03
67.504883	1.1405169656e-03
67.565918	9.8372365967e-04
67.626953	1.0107694652e-03
67.687988	8.9675038638e-04
67.749023	9.3260525363e-04
67.810059	7.9937512711e-04
67.871094	7.4016477799e-04
67.932129	6.7969312260e-04
67.993164	7.0788752895e-04
68.054199	5.7326973128e-04
68.115234	8.3541802723e-04
68.176270	9.3036953450e-04
68.237305	9.4489072261e-04
68.298340	8.8169253247e-04
68.359375	1.0221940245e-03
68.420410	9.0313904161e-04
68.481445	1.0149208728e-03
68.542480	1.1271819026e-03
68.603516	1.3785890358e-03
68.664551	1.2702261007e-03
68.725586	1.2584260514e-03
68.786621	1.0650964888e-03
68.847656	1.0404785761e-03
68.908691	9.2302338218e-04
68.969727	1.2122566375e-03
69.030762	1.1465325263e-03
69.091797	1.1998364675e-03
69.152832	1.1181585974e-03
69.213867	1.2471532559e-03
69.274902	8.6219263196e-04
69.335938	8.0975922878e-04
69.396973	8.4993156172e-04
69.458008	9.4472901621e-04
69.519043	7.8077358708e-04
69.580078	8.6814854723e-04
69.641113	8.4053019554e-04
69.702148	7.3192235621e-04
69.763184	6.7615564522e-04
69.824219	6.6712512907e-04
69.885254	8.8602821778e-04
69.946289	8.6524741040e-04
70.007324	9.3751549445e-04
70.068359	9.8332215215e-04
70.129395	9.3808387629e-04
70.190430	6.4844094163e-04
70.251465	6.3069685833e-04
70.312500	5.8426077936e-04
70.373535	5.9850370237e-04
70.434570	7.0684526654e-04
70.495605	7.5372911988e-04
70.556641	1.0213287155e-03
70.617676	1.3339745091e-03
70.678711	1.4685947215e-03
70.739746	1.3533877599e-03
70.800781	1.3552326294e-03
70.861816	1.1489070694e-03
70.922852	9.0449242882e-04
70.983887	6.9705618687e-04
71.044922	9.0182814825e-04
71.105957	9.1224889970e-04
71.166992	9.1094563323e-04
71.228027	9.2835376488e-04
71.289062	1.0121681809e-03
71.350098	7.2438216514e-04
71.411133	9.1342174881e-04
71.472168	9.2154852095e-04
71.533203	9.8490130847e-04
71.594238	8.8650963280e-04
71.655273	1.1022141870e-03
71.716309	9.4127688956e-04
71.777344	1.1258462163e-03
71.838379	9.5184449165e-04
71.899414	1.0394162522e-03
71.960449	1.1344514374e-03
72.021484	1.2591074031e-03
72.082520	1.0880654271e-03
72.143555	1.2030932668e-03
72.204590	1.0611378637e-03
72.265625	8.7118104060e-04
72.326660	7.6404903933e-04
72.387695	7.8279346268e-04
72.448730	7.2960536017e-04
72.509766	7.0625047952e-04
72.570801	6.2374467347e-04
72.631836	6.1790274265e-04
72.692871	7.3547400220e-04
72.753906	7.9846861405e-04
72.814941	1.0119948505e-03
72.875977	1.1672423689e-03
72.937012	1.1873423416e-03
72.998047	1.0967704265e-03
73.059082	9.6916313541e-04
73.120117	8.5556998749e-04
73.181152	8.0594791430e-04
73.242188	7.4747844581e-04
73.303223	7.1112915266e-04
73.364258	6.8948879844e-04
73.425293	6.1587201932e-04
73.486328	6.5262251817e-04
73.547363	7.7168473116e-04
73.608398	8.8619132801e-04
73.669434	9.6005152294e-04
73.730469	1.0217196496e-03
73.791504	9.2209658315e-04
73.852539	7.8975012019e-04
73.913574	7.9780615835e-04
73.974609	7.9059306109e-04
74.035645	8.4878729977e-04
74.096680	8.1478716019e-04
74.157715	8.8821556152e-04
74.218750	7.1023163704e-04
74.279785	8.2639809874e-04
74.340820	6.9901821321e-04
74.401855	6.8563102804e-04
74.462891	7.0384799405e-04
74.523926	7.2381348279e-04
74.584961	5.3611842292e-04
74.645996	7.0729071423e-04
74.707031	7.1315872967e-04
74.768066	6.4184079804e-04
74.829102	7.1401708481e-04
74.890137	7.3341328579e-04
74.951172	5.7648777387e-04
75.012207	7.5051679693e-04
75.073242	7.5536520102e-04
75.134277	6.8361531018e-04
75.195312	8.1415777298e-04
75.256348	8.7886861007e-04
75.317383	8.1019855730e-04
75.378418	8.4008942058e-04
75.439453	8.7567309453e-04
75.500488	8.0338653914e-04
75.561523	8.3385322187e-04
75.622559	8.7337897350e-04
75.683594	9.7503399423e-04
75.744629	9.7135268662e-04
75.805664	9.4483636290e-04
75.866699	8.7714102946e-04
75.927734	8.4843595593e-04
75.988770	6.4336714547e-04
76.049805	5.8859872691e-04
76.110840	5.3438190979e-04
76.171875	6.7419212720e-04
76.232910	6.2404766632e-04
76.293945	6.3660450793e-04
76.354980	6.7518775188e-04
76.416016	6.9508659479e-04
76.477051	6.7501737740e-04
76.538086	8.0680959761e-04
76.599121	9.2589618129e-04
76.660156	8.9858553257e-04
76.721191	9.8323102549e-04
76.782227	8.5086709963e-04
76.843262	6.5249688213e-04
76.904297	5.5590742798e-04
76.965332	1.2152456556e-03
77.026367	1.1262805396e-03
77.087402	1.3593804023e-03
77.148438	1.5896845371e-03
77.209473	1.6049532576e-03
77.270508	9.7868164945e-04
77.331543	9.9742042239e-04
77.392578	8.8079628042e-04
77.453613	6.8625567003e-04
77.514648	6.7573952568e-04
77.575684	7.1379680635e-04
77.636719	7.3586808964e-04
77.697754	7.6832416642e-04
77.758789	9.0328108989e-04
77.819824	9.5645870547e-04
77.880859	8.8730085795e-04
77.941895	8.8234493826e-04
78.002930	9.5580150619e-04
78.063965	9.7429485586e-04
78.125000	1.0396407476e-03
78.186035	1.3268719146e-03
78.247070	1.3597342164e-03
78.308105	1.1571758384e-03
78.369141	1.0325287219e-03
78.430176	1.0006764282e-03
78.491211	6.3971999673e-04
78.552246	6.9842420647e-04
78.613281	7.0914551810e-04
78.674316	7.2003812484e-04
78.735352	6.1859044726e-04
78.796387	8.6358588781e-04
78.857422	9.6566473631e-04
78.918457	1.1241514597e-03
78.979492	1.1305437991e-03
79.040527	1.2065378044e-03
79.101562	1.0474969051e-03
79.162598	8.5663597815e-04
79.223633	7.6146130377e-04
79.284668	7.4211859648e-04
79.345703	7.1855457883e-04
79.406738	7.3088902465e-04
79.467773	7.3669789442e-04
79.528809	9.4276197453e-04
79.589844	9.0266952864e-04
79.650879	9.3542584178e-04
79.711914	9.1991426649e-04
79.772949	9.4136666647e-04
79.833984	6.0530908357e-04
79.895020	5.8811536174e-04
79.956055	4.9203283186e-04
80.017090	5.3239237933e-04
80.078125	5.3127427532e-04
80.139160	6.0880267362e-04
80.200195	6.6828719670e-04
80.261230	7.2998537036e-04
80.322266	6.9117267100e-04
80.383301	6.3962116621e-04
80.444336	6.3318904035e-04
80.505371	6.3509652900e-04
80.566406	5.5808742568e-04
80.627441	5.4792764407e-04
80.688477	5.8703339792e-04
80.749512	7.2075203325e-04
80.810547	7.3267390813e-04
80.871582	9.4092439241e-04
80.932617	1.0936713636e-03
80.993652	1.1545217615e-03
81.054688	1.0948661744e-03
81.115723	9.9655583839e-04
81.176758	8.3735351048e-04
81.237793	6.4315467775e-04
81.298828	7.6047295403e-04
81.359863	7.0372410814e-04
81.420898	7.8400758891e-04
81.481934	7.8170380767e-04
81.542969	8.6263119341e-04
81.604004	6.5429956829e-04
81.665039	7.1133505314e-04
81.726074	8.2329738432e-04
81.787109	8.1426359780e-04
81.848145	7.4160923421e-04
81.909180	6.8170265472e-04
81.970215	9.4833274115e-04
82.031250	7.6337395375e-04
82.092285	8.5411193915e-04
82.153320	1.0211719104e-03
82.214355	1.1088293236e-03
82.275391	8.2123340755e-04
82.336426	8.9975815785e-04
82.397461	9.1060263892e-04
82.458496	7.3680511650e-04
82.519531	6.7622381148e-04
82.580566	6.0943499620e-04
82.641602	5.4372742031e-04
82.702637	5.8829109468e-04
82.763672	6.7222279617e-04
82.824707	7.3117039239e-04
82.885742	8.6163864206e-04
82.946777	1.0533438501e-03
83.007812	9.9945173160e-04
83.068848	1.1270020100e-03
83.129883	1.2482253872e-03
83.190918	1.1650797744e-03
83.251953	9.9697942752e-04
83.312988	9.9822859210e-04
83.374023	8.0858407796e-04
83.435059	6.6856085159e-04
83.496094	6.2028607455e-04
83.557129	6.9656032646e-04
83.618164	6.6460983000e-04
83.679199	7.1344220937e-04
83.740234	7.6241687213e-04
83.801270	7.3872511087e-04
83.862305	6.4437236757e-04
83.923340	5.6980569320e-04
83.984375	4.8140262270e-04
84.045410	3.6532068627e-04
84.106445	4.4494975677e-04
84.167480	5.7302702084e-04
84.228516	6.6364839903e-04
84.289551	6.9129294945e-04
84.350586	8.5510224288e-04
84.411621	1.1053359075e-03
84.472656	1.0776014318e-03
84.533691	9.9302827676e-04
84.594727	1.1882183416e-03
84.655762	1.1221307628e-03
84.716797	8.9188859643e-04
84.777832	8.3743516295e-04
84.838867	9.5364947194e-04
84.899902	8.5729592218e-04
84.960938	1.0358275033e-03
85.021973	1.0823552654e-03
85.083008	1.2536433419e-03
85.144043	1.2581631322e-03
85.205078	1.2945801119e-03
85.266113	1.1512326853e-03
85.327148	9.9992628716e-04
85.388184	8.4286828709e-04
85.449219	9.4182043001e-04
85.510254	8.8691464770e-04
85.571289	8.8342603114e-04
85.632324	9.3702131515e-04
85.693359	8.2483979847e-04
85.754395	7.5673892006e-04
85.815430	9.0481502838e-04
85.876465	7.6144056213e-04
85.937500	7.1364172490e-04
85.998535	9.2822646008e-04
86.059570	8.7371171481e-04
86.120605	7.0461505154e-04
86.181641	1.0768288224e-03
86.242676	1.0480386125e-03
86.303711	9.1380342034e-04
86.364746	1.0981201653e-03
86.425781	1.2124677670e-03
86.486816	1.4990556432e-03
86.547852	1.6820802552e-03
86.608887	1.7515436814e-03
86.669922	1.7687747796e-03
86.730957	1.7276837615e-03
86.791992	1.1499945464e-03
86.853027	9.7814082186e-04
86.914062	9.7436886404e-04
86.975098	7.6282790423e-04
87.036133	7.7379964713e-04
87.097168	7.0630264717e-04
87.158203	7.8358982864e-04
87.219238	8.1054520540e-04
87.280273	7.9204910268e-04
87.341309	9.8662092820e-04
87.402344	1.1166495003e-03
87.463379	1.1801643579e-03
87.524414	1.2395239723e-03
87.585449	1.2420653450e-03
87.646484	9.8245316151e-04
87.707520	1.0651959045e-03
87.768555	1.1987679134e-03
87.829590	1.1876781231e-03
87.890625	1.2596891539e-03
87.951660	1.1881516866e-03
88.012695	1.0703790435e-03
88.073730	1.0443681340e-03
88.134766	9.1540797997e-04
88.195801	8.8215950750e-04
88.256836	9.7808784912e-04
88.317871	1.1382921658e-03
88.378906	1.1020638066e-03
88.439941	1.1343718654e-03
88.500977	1.1005992476e-03
88.562012	1.1306814427e-03
88.623047	1.0811497188e-03
88.684082	9.3926384680e-04
88.745117	1.0069581296e-03
88.806152	9.3480283460e-04
88.867188	9.8887923017e-04
88.928223	1.0440041834e-03
88.989258	1.1538730345e-03
89.050293	1.1600819932e-03
89.111328	1.1668264477e-03
89.172363	9.5969531027e-04
89.233398	8.5991805614e-04
89.294434	9.9347004917e-04
89.355469	9.1590929181e-04
89.416504	1.0026114675e-03
89.477539	1.1852231567e-03
89.538574	1.1145024230e-03
89.599609	9.9590174388e-04
89.660645	9.7647269484e-04
89.721680	9.3327565860e-04
89.782715	8.1744717277e-04
89.843750	8.3928247346e-04
89.904785	6.8702264669e-04
89.965820	6.0121988814e-04
90.026855	5.8561999424e-04
90.087891	5.4243976644e-04
90.148926	5.4235288657e-04
90.209961	5.7744767393e-04
90.270996	6.4157901239e-04
90.332031	5.7251566365e-04
90.393066	8.6430937207e-04
90.454102	7.6457390223e-04
90.515137	6.9277566143e-04
90.576172	6.7367842502e-04
90.637207	6.7080480061e-04
90.698242	4.8396098397e-04
90.759277	6.4213327547e-04
90.820312	6.2960331928e-04
90.881348	6.3080525322e-04
90.942383	6.9041207771e-04
91.003418	6.2543748838e-04
91.064453	5.0478328233e-04
91.125488	4.9270623394e-04
91.186523	4.8659566942e-04
91.247559	5.7572777700e-04
91.308594	4.9162445234e-04
91.369629	7.3337150969e-04
91.430664	8.3897515361e-04
91.491699	9.8207954799e-04
91.552734	8.6187320039e-04
91.613770	1.0150776704e-03
91.674805	7.1483908210e-04
91.735840	7.0095161159e-04
91.796875	6.7633036293e-04
91.857910	7.5669238590e-04
91.918945	6.1318997505e-04
91.979980	7.0618339504e-04
92.041016	6.2940335895e-04
92.102051	5.2858311902e-04
92.163086	5.1605045841e-04
92.224121	5.1777662132e-04
92.285156	5.1792209140e-04
92.346191	5.4521294526e-04
92.407227	5.2864545442e-04
92.468262	5.8434513867e-04
92.529297	6.6452549346e-04
92.590332	6.2732591448e-04
92.651367	7.3848846307e-04
92.712402	6.9229297102e-04
92.773438	5.7340171135e-04
92.834473	4.8508763353e-04
92.895508	4.8064546188e-04
92.956543	3.2575518940e-04
93.017578	4.1571055890e-04
93.078613	4.8503547363e-04
93.139648	5.1766570778e-04
93.200684	4.9508065750e-04
93.261719	5.9483034707e-04
93.322754	6.3914293264e-04
93.383789	5.5444782463e-04
93.444824	5.5461386284e-04
93.505859	5.8382412490e-04
93.566895	7.2206094106e-04
93.627930	5.7856398570e-04
93.688965	7.2624345320e-04
93.750000	7.0398914527e-04
93.811035	7.5188489300e-04
93.872070	6.7353054635e-04
93.933105	7.5482365981e-04
93.994141	6.9024812671e-04
94.055176	7.0954927628e-04
94.116211	6.4349300850e-04
94.177246	5.8748155185e-04
94.238281	7.5899372536e-04
94.299316	7.6010111061e-04
94.360352	8.0899069923e-04
94.421387	8.2690032025e-04
94.482422	8.1741786103e-04
94.543457	5.5651477858e-04
94.604492	4.8640626715e-04
94.665527	3.9818654242e-04
94.726562	3.5650645234e-04
94.787598	3.0099379031e-04
94.848633	3.2315061172e-04
94.909668	4.4960860216e-04
94.970703	5.1641367710e-04
95.031738	5.5770850931e-04
95.092773	6.4340504450e-04
95.153809	7.5717962390e-04
95.214844	6.6205458292e-04
95.275879	6.7353240381e-04
95.336914	6.2511235106e-04
95.397949	6.8459615298e-04
95.458984	7.3447821436e-04
95.520020	8.2943618429e-04
95.581055	7.5202075154e-04
95.642090	7.9064737801e-04
95.703125	6.4435007134e-04
95.764160	6.0961344517e-04
95.825195	5.1326049608e-04
95.886230	6.3603095466e-04
95.947266	6.2009898890e-04
96.008301	6.7350389708e-04
96.069336	5.7493961165e-04
96.130371	5.5260670647e-04
96.191406	4.7537459078e-04
96.252441	7.1911659882e-04
96.313477	7.0060079390e-04
96.374512	7.4291207025e-04
96.435547	6.8397404874e-04
96.496582	7.0043207927e-04
96.557617	5.0748650937e-04
96.618652	4.9128881745e-04
96.679688	4.9221966060e-04
96.740723	6.2015810072e-04
96.801758	6.0786636073e-04
96.862793	5.1585968928e-04
96.923828	5.8410887196e-04
96.984863	7.2638458357e-04
97.045898	6.8121690957e-04
97.106934	7.7725636644e-04
97.167969	9.2078490376e-04
97.229004	8.8332622079e-04
97.290039	6.9030004407e-04
97.351074	7.9421562308e-04
97.412109	7.5590330944e-04
97.473145	6.8163889563e-04
97.534180	5.9870224726e-04
97.595215	7.3908924826e-04
97.656250	6.7999427048e-04
97.717285	6.1737723930e-04
97.778320	6.0300754824e-04
97.839355	5.8542296971e-04
97.900391	4.4945247214e-04
97.961426	4.4898529660e-04
98.022461	5.2827529857e-04
98.083496	5.7292975842e-04
98.144531	6.0694080301e-04
98.205566	6.0550033920e-04
98.266602	5.3844536255e-04
98.327637	5.4009275095e-04
98.388672	5.4992835268e-04
98.449707	5.8445477442e-04
98.510742	6.8753174963e-04
98.571777	8.7903246128e-04
98.632812	8.5371155293e-04
98.693848	9.1320280905e-04
98.754883	9.4881737482e-04
98.815918	1.0853434070e-03
98.876953	8.9897131781e-04
98.937988	8.1992995347e-04
98.999023	7.0227258167e-04
99.060059	7.8163346511e-04
99.121094	7.6457813522e-04
99.182129	8.2218377834e-04
99.243164	1.0659797685e-03
99.304199	1.0569404123e-03
99.365234	1.2354704567e-03
99.426270	1.0113188411e-03
99.487305	1.0071742405e-03
99.548340	9.0017517597e-04
99.609375	1.2124914682e-03
99.670410	9.4482850094e-04
99.731445	1.0880378595e-03
99.792480	1.3254272612e-03
99.853516	1.8711697194e-03
99.914551	2.4769046974e-03
99.975586	3.0183021106e-03
100.036621	2.8932384850e-03
100.097656	2.7391218864e-03
100.158691	2.1762893900e-03
100.219727	1.3761882983e-03
100.280762	9.4450103140e-04
100.341797	9.7423299059e-04
100.402832	8.8197385543e-04
100.463867	8.5565603007e-04
100.524902	7.9363172243e-04
100.585938	1.0154193098e-03
100.646973	1.0386645446e-03
100.708008	9.5233855470e-04
100.769043	9.1970540960e-04
100.830078	9.3077534364e-04
100.891113	6.1133266723e-04
100.952148	5.4764270564e-04
101.013184	6.0790387062e-04
101.074219	6.1321826432e-04
101.135254	7.2513512778e-04
101.196289	7.0156087952e-04
101.257324	6.9854367273e-04
101.318359	6.2627985566e-04
101.379395	6.1936956559e-04
101.440430	5.5832635191e-04
101.501465	5.4717161418e-04
101.562500	5.7543071640e-04
101.623535	6.3845784921e-04
101.684570	6.2065496018e-04
101.745605	5.3101762295e-04
101.806641	5.4766851058e-04
101.867676	6.2929438315e-04
101.928711	7.3294265688e-04
101.989746	8.9284183521e-04
102.050781	9.3307893052e-04
102.111816	9.2113019362e-04
102.172852	1.0280603405e-03
102.233887	9.7425147195e-04
102.294922	9.3940829091e-04
102.355957	9.5239503318e-04
102.416992	9.7717299418e-04
102.478027	7.9299436745e-04
102.539062	6.8312912048e-04
102.600098	6.2392800282e-04
102.661133	6.8389361188e-04
102.722168	6.6964631274e-04
102.783203	7.0221911217e-04
102.844238	9.0314572073e-04
102.905273	8.7443467419e-04
102.966309	7.2300246017e-04
103.027344	7.7660346090e-04
103.088379	6.7002081269e-04
103.149414	5.8934244903e-04
103.210449	7.5705124772e-04
103.271484	8.1865607155e-04
103.332520	8.1326592763e-04
103.393555	8.4135397855e-04
103.454590	8.6934806605e-04
103.515625	8.6381518416e-04
103.576660	8.8385335251e-04
103.637695	8.7061004608e-04
103.698730	8.9515700146e-04
103.759766	8.8389443729e-04
103.820801	7.5304459012e-04
103.881836	6.7070073906e-04
103.942871	6.1324827488e-04
104.003906	5.8801778504e-04
104.064941	5.2509755808e-04
104.125977	5.0577630306e-04
104.187012	5.8311169947e-04
104.248047	7.0865663238e-04
104.309082	9.1810765510e-04
104.370117	9.4069129307e-04
104.431152	1.0093004277e-03
104.492188	9.8362170998e-04
104.553223	1.0907409647e-03
104.614258	9.1171502110e-04
104.675293	8.4739166867e-04
104.736328	6.8514408320e-04
104.797363	6.2587899173e-04
104.858398	4.6261546652e-04
104.919434	4.8527604030e-04
104.980469	6.0144623267e-04
105.041504	7.4243693834e-04
105.102539	8.3286661021e-04
105.163574	8.3435504078e-04
105.224609	9.1225078306e-04
105.285645	8.9441131133e-04
105.346680	8.1668839367e-04
105.407715	8.3043373198e-04
105.468750	8.5182163711e-04
105.529785	7.9636133185e-04
105.590820	8.2821946195e-04
105.651855	7.9495633626e-04
105.712891	7.2106660159e-04
105.773926	6.5583100518e-04
105.834961	6.1508044187e-04
105.895996	5.1826865782e-04
105.957031	5.9766311022e-04
106.018066	6.7820315861e-04
106.079102	7.9486949527e-04
106.140137	8.9455398436e-04
106.201172	8.2401615538e-04
106.262207	8.1582764687e-04
106.323242	8.2270544965e-04
106.384277	6.7289327671e-04
106.445312	6.7762866825e-04
106.506348	7.2654773678e-04
106.567383	7.2892297495e-04
106.628418	6.4851668604e-04
106.689453	6.6153324696e-04
106.750488	6.6241842978e-04
106.811523	9.0824834930e-04
106.872559	8.0988036100e-04
106.933594	9.6221035192e-04
106.994629	1.0396809560e-03
107.055664	8.8350425532e-04
107.116699	6.4878022251e-04
107.177734	8.0739273961e-04
107.238770	6.0751299630e-04
107.299805	5.2943002490e-04
107.360840	5.5747546504e-04
107.421875	5.9080166488e-04
107.482910	5.1995616842e-04
107.543945	8.6218904473e-04
107.604980	9.4386349249e-04
107.666016	1.2298104223e-03
107.727051	1.1994519465e-03
107.788086	1.1363402567e-03
107.849121	8.6678767431e-04
107.910156	8.2462563943e-04
107.971191	5.0999588768e-04
108.032227	5.2457919038e-04
108.093262	5.3253445554e-04
108.154297	5.0942127038e-04
108.215332	4.9411334608e-04
108.276367	4.8075093890e-04
108.337402	4.9565030021e-04
108.398438	4.6432319675e-04
108.459473	5.3514341218e-04
108.520508	5.0150580255e-04
108.581543	6.1960586549e-04
108.642578	6.0150079862e-04
108.703613	6.8218638805e-04
108.764648	6.0558337989e-04
108.825684	6.5977129236e-04
108.886719	5.8582380306e-04
108.947754	6.0793156167e-04
109.008789	5.7651913844e-04
109.069824	5.7609115111e-04
109.130859	6.4682856424e-04
109.191895	7.4953324016e-04
109.252930	7.2112447844e-04
109.313965	6.6469918974e-04
109.375000	7.7923377990e-04
109.436035	7.8018012615e-04
109.497070	6.8311761555e-04
109.558105	7.6649548700e-04
109.619141	7.6897869123e-04
109.680176	7.5891326528e-04
109.741211	6.1639595754e-04
109.802246	6.7068126942e-04
109.863281	5.4625442101e-04
109.924316	6.9166564636e-04
109.985352	6.7943725850e-04
110.046387	7.0901140182e-04
110.107422	6.8524613476e-04
110.168457	7.1018212337e-04
110.229492	6.6505978270e-04
110.290527	6.5324290977e-04
110.351562	7.6624316333e-04
110.412598	8.8351353612e-04
110.473633	1.0647109451e-03
110.534668	1.0258500897e-03
110.595703	1.0259264143e-03
110.656738	8.8572272686e-04
110.717773	7.7373788025e-04
110.778809	7.4648301243e-04
110.839844	7.2755811548e-04
110.900879	7.0098936686e-04
110.961914	7.8355263235e-04
111.022949	8.9128148806e-04
111.083984	7.6824167420e-04
111.145020	8.2125540128e-04
111.206055	1.1435026306e-03
111.267090	1.1592683312e-03
111.328125	1.1506925413e-03
111.389160	1.1388702318e-03
111.450195	1.2861404828e-03
111.511230	8.9279278050e-04
111.572266	1.0209352349e-03
111.633301	9.7991876099e-04
111.694336	1.1591106809e-03
111.755371	9.5266378402e-04
111.816406	1.1165904545e-03
111.877441	9.9929459305e-04
111.938477	9.5862039261e-04
111.999512	8.0765362025e-04
112.060547	8.0100977587e-04
112.121582	6.7821986561e-04
112.182617	6.1535540507e-04
112.243652	6.4773556834e-04
112.304688	7.6205779625e-04
112.365723	9.1591712180e-04
112.426758	1.0092737880e-03
112.487793	1.0265686990e-03
112.548828	1.0252287894e-03
112.609863	1.0859331808e-03
112.670898	9.4641112544e-04
112.731934	9.1062259420e-04
112.792969	9.4548606007e-04
112.854004	1.1730806771e-03
112.915039	9.2115065494e-04
112.976074	1.1316874519e-03
113.037109	1.1245290943e-03
113.098145	1.2063250137e-03
113.159180	1.1092683267e-03
113.220215	1.1968128695e-03
113.281250	9.9491464464e-04
113.342285	9.6663247325e-04
113.403320	8.2951016403e-04
113.464355	6.1629982461e-04
113.525391	6.5404889977e-04
113.586426	6.2605811868e-04
113.647461	6.3443723737e-04
113.708496	6.4834880860e-04
113.769531	7.9644743309e-04
113.830566	1.0054633000e-03
113.891602	9.6700734402e-04
113.952637	1.0371642943e-03
114.013672	1.0723273051e-03
114.074707	9.4190241109e-04
114.135742	7.4205876052e-04
114.196777	9.3621287376e-04
114.257812	7.9701268524e-04
114.318848	8.3563258248e-04
114.379883	8.3110900947e-04
114.440918	8.9715863581e-04
114.501953	7.2767230459e-04
114.562988	8.0016847004e-04
114.624023	7.7685007434e-04
114.685059	8.1684380372e-04
114.746094	6.9490378171e-04
114.807129	6.8371277442e-04
114.868164	7.7041555032e-04
114.929199	6.9544697104e-04
114.990234	6.9802470548e-04
115.051270	6.0032490316e-04
115.112305	6.3146255358e-04
115.173340	6.4296104816e-04
115.234375	6.8653055679e-04
115.295410	8.1436524811e-04
115.356445	1.0038689181e-03
115.417480	1.0191823698e-03
115.478516	9.2553743805e-04
115.539551	8.7326099348e-04
115.600586	7.1631825592e-04
115.661621	6.4435857915e-04
115.722656	6.1176845497e-04
115.783691	6.5819648494e-04
115.844727	7.2124371980e-04
115.905762	6.9975854711e-04
115.966797	7.7372319092e-04
116.027832	7.9430111106e-04
116.088867	7.4585764872e-04
116.149902	6.9053741557e-04
116.210938	7.2141027968e-04
116.271973	5.1944755620e-04
116.333008	6.0339908769e-04
116.394043	5.9243496192e-04
116.455078	5.5841668520e-04
116.516113	5.5319991672e-04
116.577148	6.6145909551e-04
116.638184	7.2297917179e-04
116.699219	7.4414956123e-04
116.760254	8.7191852022e-04
116.821289	8.4318392455e-04
116.882324	8.6632071344e-04
116.943359	7.4365848743e-04
117.004395	6.8904958186e-04
117.065430	7.9486914703e-04
117.126465	8.8956405464e-04
117.187500	8.6959868679e-04
117.248535	9.5401290708e-04
117.309570	1.0599671862e-03
117.370605	9.6514072395e-04
117.431641	9.2881763554e-04
117.492676	1.0419493979e-03
117.553711	9.0418296518e-04
117.614746	7.9487337402e-04
117.675781	6.7806105018e-04
117.736816	6.5464205863e-04
117.797852	4.9123196642e-04
117.858887	5.9792695872e-04
117.919922	5.9005581504e-04
117.980957	7.0081760872e-04
118.041992	7.9205843568e-04
118.103027	7.8547721202e-04
118.164062	6.7567048575e-04
118.225098	6.8445960277e-04
118.286133	6.4288083963e-04
118.347168	6.3186526836e-04
118.408203	7.2055715068e-04
118.469238	7.1272685633e-04
118.530273	7.8669030900e-04
118.591309	7.5819476535e-04
118.652344	6.7661669850e-04
118.713379	7.1581961495e-04
118.774414	8.3039768946e-04
118.835449	7.1650585470e-04
118.896484	6.2962937321e-04
118.957520	6.7856466081e-04
119.018555	6.6513953237e-04
119.079590	5.4455714318e-04
119.140625	5.5005843810e-04
119.201660	6.9264562019e-04
119.262695	6.6908621816e-04
119.323730	5.4956850279e-04
119.384766	7.0601834775e-04
119.445801	8.0551222548e-04
119.506836	6.9123867276e-04
119.567871	6.4776924125e-04
119.628906	7.3815688131e-04
119.689941	6.4040250712e-04
119.750977	6.2679876141e-04
119.812012	6.4103685689e-04
119.873047	7.2313594645e-04
119.934082	6.8120714490e-04
119.995117	6.8471397468e-04
120.056152	5.7332652927e-04
120.117188	5.9222151358e-04
120.178223	4.9260681261e-04
120.239258	4.4803610435e-04
120.300293	4.3032783891e-04
120.361328	5.0907074426e-04
120.422363	5.2755039209e-04
120.483398	5.4953412075e-04
120.544434	4.9322283022e-04
120.605469	6.7351041909e-04
120.666504	7.8099026110e-04
120.727539	7.7115553624e-04
120.788574	7.8568568258e-04
120.849609	7.9956399303e-04
120.910645	6.0434385942e-04
120.971680	5.5552379637e-04
121.032715	5.8344686661e-04
121.093750	5.9889855255e-04
121.154785	5.9661830858e-04
121.215820	5.9143360581e-04
121.276855	4.6745655735e-04
121.337891	4.3444617747e-04
121.398926	4.2989383619e-04
121.459961	5.8390700548e-04
121.520996	6.0841278157e-04
121.582031	7.2225552288e-04
121.643066	6.7855025866e-04
121.704102	6.5562522050e-04
121.765137	5.5023928285e-04
121.826172	5.5970504440e-04
121.887207	5.1389902268e-04
121.948242	5.8101607487e-04
122.009277	5.8602992395e-04
122.070312	7.5485696196e-04
122.131348	7.2659922496e-04
122.192383	6.8129439322e-04
122.253418	7.0635061247e-04
122.314453	6.3249011036e-04
122.375488	6.9450618126e-04
122.436523	8.5490525724e-04
122.497559	8.2996113909e-04
122.558594	7.0590383867e-04
122.619629	8.3011971482e-04
122.680664	6.2651252786e-04
122.741699	4.6626168004e-04
122.802734	4.6427663156e-04
122.863770	4.8561399459e-04
122.924805	3.9489726069e-04
122.985840	4.7049239158e-04
123.046875	4.8648419963e-04
123.107910	5.5996508529e-04
123.168945	5.9653944117e-04
123.229980	6.4876221274e-04
123.291016	6.6539143490e-04
123.352051	6.5183842990e-04
123.413086	6.5831776685e-04
123.474121	6.5857178560e-04
123.535156	7.2071162247e-04
123.596191	5.8468002334e-04
123.657227	7.9206996275e-04
123.718262	7.9656935706e-04
123.779297	8.1244474393e-04
123.840332	8.2871321117e-04
123.901367	8.4088629940e-04
123.962402	7.1417642315e-04
124.023438	6.9932864214e-04
124.084473	6.7286750170e-04
124.145508	6.1936007883e-04
124.206543	6.8936919544e-04
124.267578	5.9620143190e-04
124.328613	6.0815648351e-04
124.389648	7.1051506491e-04
124.450684	6.0121655650e-04
124.511719	5.2215806387e-04
124.572754	5.3784953574e-04
124.633789	6.2647451961e-04
124.694824	5.6066917220e-04
124.755859	8.1793026714e-04
124.816895	7.3470676275e-04
124.877930	6.4365957046e-04
