0.000000	4.0476570495e+00
0.008887	3.9496939276e+00
0.017773	3.0537824915e+00
0.026660	2.2434157207e+00
0.035547	2.1191347686e+00
0.044434	1.1535600626e+00
0.053320	1.6978701399e+00
0.062207	1.9041930058e+00
0.071094	2.1307028986e+00
0.079980	2.6813793681e+00
0.088867	2.9008064021e+00
0.097754	2.7196708785e+00
0.106641	2.5047079423e+00
0.115527	2.4014469079e+00
0.124414	2.0025765408e+00
0.133301	1.5888554246e+00
0.142187	1.0688372922e+00
0.151074	1.1712549384e+00
0.159961	1.1264160297e+00
0.168848	1.0795817572e+00
0.177734	8.8714767745e-01
0.186621	1.0067658714e+00
0.195508	9.7456883791e-01
0.204395	8.7138735044e-01
0.213281	8.9063849797e-01
0.222168	9.2616139242e-01
0.231055	1.0600553144e+00
0.239941	9.4281837647e-01
0.248828	9.4379363441e-01
0.257715	1.1170571298e+00
0.266602	1.0442357748e+00
0.275488	8.4302287818e-01
0.284375	9.6474470242e-01
0.293262	9.0945805830e-01
0.302148	5.8241050336e-01
0.311035	5.4166167103e-01
0.319922	5.1406373237e-01
0.328809	3.9276430409e-01
0.337695	3.7393428428e-01
0.346582	2.7792908883e-01
0.355469	2.9957844797e-01
0.364355	2.8798967387e-01
0.373242	2.4807710287e-01
0.382129	3.7206521977e-01
0.391016	3.5271840044e-01
0.399902	2.9511086015e-01
0.408789	3.2510230677e-01
0.417676	3.0102494489e-01
0.426563	2.5593664310e-01
0.435449	2.6335553011e-01
0.444336	2.2754388593e-01
0.453223	2.0160958240e-01
0.462109	2.1098264759e-01
0.470996	1.0277665370e-01
0.479883	1.3225493440e-01
0.488770	1.4514178052e-01
0.497656	1.2986355427e-01
0.506543	1.5857642165e-01
0.515430	1.5164928201e-01
0.524316	1.5162969948e-01
0.533203	1.5782431992e-01
0.542090	1.5923045776e-01
0.550977	1.6186848315e-01
0.559863	1.8507819724e-01
0.568750	1.4914361025e-01
0.577637	1.4848115253e-01
0.586523	1.4240201517e-01
0.595410	1.0325262402e-01
0.604297	8.7070470408e-02
0.613184	7.8065886671e-02
0.622070	6.5372920448e-02
0.630957	6.2686012714e-02
0.639844	4.4556494773e-02
0.648730	4.8132630596e-02
0.657617	4.9229354283e-02
0.666504	5.6845480036e-02
0.675391	5.9008159592e-02
0.684277	6.3873336233e-02
0.693164	5.1164667393e-02
0.702051	5.0003123162e-02
0.710938	4.3258516648e-02
0.719824	4.8735071847e-02
0.728711	5.1558963816e-02
0.737598	5.2435614056e-02
0.746484	5.0134594666e-02
0.755371	5.1262641193e-02
0.764258	3.8904494137e-02
0.773145	3.5921353244e-02
0.782031	3.6220977299e-02
0.790918	3.6624572336e-02
0.799805	3.5511188377e-02
0.808691	3.7838570828e-02
0.817578	3.5197690607e-02
0.826465	3.2721693587e-02
0.835352	3.6856080409e-02
0.844238	3.6407666799e-02
0.853125	3.5314629962e-02
0.862012	3.3977595518e-02
0.870898	3.0264356164e-02
0.879785	2.5540924021e-02
0.888672	1.9753000401e-02
0.897559	1.7177454406e-02
0.906445	1.3801595341e-02
0.915332	1.7265186064e-02
0.924219	1.6658212755e-02
0.933105	1.8987335240e-02
0.941992	2.0620251748e-02
0.950879	3.1088474454e-02
0.959766	2.9848059422e-02
0.968652	3.1046224608e-02
0.977539	3.2730293987e-02
0.986426	2.9646231398e-02
0.995313	2.0573774248e-02
1.004199	1.8832874758e-02
1.013086	1.5380292721e-02
1.021973	1.3749325525e-02
1.030859	1.2910920675e-02
1.039746	1.2456240412e-02
1.048633	1.5282889242e-02
1.057520	1.7665767965e-02
1.066406	1.4558732355e-02
1.075293	1.3313972436e-02
1.084180	1.1954461597e-02
1.093066	9.5368299531e-03
1.101953	9.3375797279e-03
1.110840	9.8631057150e-03
1.119727	9.8265754314e-03
1.128613	1.2890536557e-02
1.137500	1.3010009844e-02
1.146387	1.3881582932e-02
1.155273	1.3714092941e-02
1.164160	1.4154280944e-02
1.173047	1.1086532081e-02
1.181934	1.0157331754e-02
1.190820	7.6621294396e-03
1.199707	6.7483203306e-03
1.208594	5.7326634079e-03
1.217480	6.9560028350e-03
1.226367	6.7831051757e-03
1.235254	6.8364084234e-03
1.244141	7.4361927908e-03
1.253027	7.5633944385e-03
1.261914	6.9054728598e-03
1.270801	6.1342826863e-03
1.279688	5.8697379577e-03
1.288574	6.0872013214e-03
1.297461	5.5587971065e-03
1.306348	4.6617395014e-03
1.315234	4.4427441919e-03
1.324121	4.7444294306e-03
1.333008	3.5594808836e-03
1.341895	5.9136204131e-03
1.350781	5.7883320380e-03
1.359668	6.3420370525e-03
1.368555	5.8315361456e-03
1.377441	6.1971463203e-03
1.386328	4.7411641028e-03
1.395215	4.9582705345e-03
1.404102	5.5532490768e-03
1.412988	6.4362288367e-03
1.421875	5.9326612157e-03
1.430762	5.7962697512e-03
1.439648	5.4312138416e-03
1.448535	4.9110083038e-03
1.457422	3.4206910717e-03
1.466309	3.7550896045e-03
1.475195	3.2797428474e-03
1.484082	3.4337820592e-03
1.492969	2.2859803112e-03
1.501855	2.3547543878e-03
1.510742	2.5737591295e-03
1.519629	2.2174790116e-03
1.528516	2.1475999895e-03
1.537402	2.5451443404e-03
1.546289	2.4072596844e-03
1.555176	2.2376488533e-03
1.564063	3.8066885381e-03
1.572949	4.0386204511e-03
1.581836	4.1024093506e-03
1.590723	4.5831948583e-03
1.599609	4.4838864900e-03
1.608496	2.9606145722e-03
1.617383	2.8853609751e-03
1.626270	3.4728642169e-03
1.635156	3.0819795749e-03
1.644043	3.0630763337e-03
1.652930	3.5997695179e-03
1.661816	3.2297713507e-03
1.670703	2.2751419111e-03
1.679590	2.6180974763e-03
1.688477	3.1703624630e-03
1.697363	3.3856974116e-03
1.706250	3.7595746777e-03
1.715137	4.6521084215e-03
1.724023	4.2621372089e-03
1.732910	3.4350638456e-03
1.741797	2.7654615698e-03
1.750684	2.3893456953e-03
1.759570	1.4271709464e-03
1.768457	1.4859406309e-03
1.777344	2.8737756719e-03
1.786230	3.0268031196e-03
1.795117	3.5963011059e-03
1.804004	4.2919866238e-03
1.812891	4.0246891733e-03
1.821777	2.6159325818e-03
1.830664	2.5329186563e-03
1.839551	2.6781590164e-03
1.848437	2.0735130944e-03
1.857324	2.7374603338e-03
1.866211	2.8226943381e-03
1.875098	2.6253935677e-03
1.883984	2.1130558114e-03
1.892871	2.6053902656e-03
1.901758	2.4569930498e-03
1.910645	2.7923758123e-03
1.919531	3.3213703686e-03
1.928418	3.1660408779e-03
1.937305	2.5680571480e-03
1.946191	2.3015852522e-03
1.955078	2.0897907298e-03
1.963965	1.7480336671e-03
1.972852	2.0076032525e-03
1.981738	2.2585458699e-03
1.990625	2.2623907674e-03
1.999512	2.5668391118e-03
2.008398	2.3504046065e-03
2.017285	2.2933950378e-03
2.026172	2.2953992400e-03
2.035059	1.9174346119e-03
2.043945	1.4202227408e-03
2.052832	1.8416163504e-03
2.061719	1.4526645064e-03
2.070605	1.2232174267e-03
2.079492	1.5549864357e-03
2.088379	2.5391099099e-03
2.097266	2.6953501993e-03
2.106152	3.3148905992e-03
2.115039	3.7445233087e-03
2.123926	3.4335344673e-03
2.132812	2.3984097038e-03
2.141699	2.1605964954e-03
2.150586	1.8586972759e-03
2.159473	1.4705457917e-03
2.168359	1.7386056285e-03
2.177246	2.6638093021e-03
2.186133	2.8349170428e-03
2.195020	2.5131143059e-03
2.203906	2.4288616715e-03
2.212793	2.2766879510e-03
2.221680	1.4147830033e-03
2.230566	1.7441394642e-03
2.239453	2.1323325958e-03
2.248340	2.3061729402e-03
2.257227	2.3164546173e-03
2.266113	2.5383758192e-03
2.275000	1.8579573981e-03
2.283887	1.4404868798e-03
2.292773	1.4354219569e-03
2.301660	1.6536815073e-03
2.310547	2.0652857827e-03
2.319434	2.0788041030e-03
2.328320	2.3792905317e-03
2.337207	2.0866855090e-03
2.346094	2.0230533326e-03
2.354980	1.3634701482e-03
2.363867	1.2683685803e-03
2.372754	1.0394796142e-03
2.381641	1.3385763327e-03
2.390527	1.1935982950e-03
2.399414	1.2031796454e-03
2.408301	1.4648874470e-03
2.417187	1.6274033801e-03
2.426074	1.5432238373e-03
2.434961	1.5107379778e-03
2.443848	1.5441551846e-03
2.452734	1.2020843104e-03
2.461621	1.3469803484e-03
2.470508	1.2391538249e-03
2.479395	1.2963414860e-03
2.488281	1.3201649476e-03
2.497168	1.4188797662e-03
2.506055	1.1760648431e-03
2.514941	1.4033335602e-03
2.523828	1.4014720190e-03
2.532715	1.3226604321e-03
2.541602	1.7233460298e-03
2.550488	1.6960068268e-03
2.559375	1.3866386207e-03
2.568262	1.3674013391e-03
2.577148	1.3749046156e-03
2.586035	8.7966314781e-04
2.594922	1.0021576816e-03
2.603809	1.0775174433e-03
2.612695	1.4380570473e-03
2.621582	1.5384601084e-03
2.630469	2.1869275671e-03
2.639355	2.2065108318e-03
2.648242	2.3456454438e-03
2.657129	2.2360434507e-03
2.666016	2.2028180671e-03
2.674902	1.7126364511e-03
2.683789	1.9361230519e-03
2.692676	2.2331561556e-03
2.701563	2.0256060978e-03
2.710449	1.9811768212e-03
2.719336	2.1518115681e-03
2.728223	1.8541388934e-03
2.737109	1.7551366127e-03
2.745996	1.7679845393e-03
2.754883	1.8125709123e-03
2.763770	1.6332602663e-03
2.772656	2.0609423746e-03
2.781543	1.7304217783e-03
2.790430	1.7012134779e-03
2.799316	1.8080497024e-03
2.808203	2.2091357529e-03
2.817090	2.0701029046e-03
2.825977	1.9662051473e-03
2.834863	2.2607954753e-03
2.843750	2.0504161694e-03
2.852637	1.7079518322e-03
2.861523	1.7161609225e-03
2.870410	2.1527959119e-03
2.879297	2.2139559713e-03
2.888184	2.5573851808e-03
2.897070	2.3835779780e-03
2.905957	1.9221037990e-03
2.914844	1.6751215374e-03
2.923730	1.2118561196e-03
2.932617	9.8794700082e-04
2.941504	1.0363717537e-03
2.950391	1.0473073184e-03
2.959277	1.0560693458e-03
2.968164	1.2244237957e-03
2.977051	1.0292105563e-03
2.985937	1.1161747721e-03
2.994824	1.1804285288e-03
3.003711	1.0793213266e-03
3.012598	1.0356719245e-03
3.021484	1.3694457889e-03
3.030371	1.3094055152e-03
3.039258	1.4089356317e-03
3.048145	1.2900046624e-03
3.057031	1.1472785423e-03
3.065918	1.0723928294e-03
3.074805	1.0581125185e-03
3.083691	1.0218994982e-03
3.092578	1.0754884406e-03
3.101465	1.1955099718e-03
3.110352	9.7583940921e-04
3.119238	1.1893518527e-03
3.128125	1.2368143643e-03
3.137012	1.3705437776e-03
3.145898	1.3483481565e-03
3.154785	1.7375845347e-03
3.163672	1.7742242323e-03
3.172559	1.6058409797e-03
3.181445	1.5114946791e-03
3.190332	1.6953179778e-03
3.199219	1.4186702049e-03
3.208105	1.2653691439e-03
3.216992	1.3118825681e-03
3.225879	1.2232725791e-03
3.234766	1.3621961944e-03
3.243652	1.1817270544e-03
3.252539	1.2431466848e-03
3.261426	1.3487371720e-03
3.270313	1.4092109282e-03
3.279199	1.2080439323e-03
3.288086	1.2852497905e-03
3.296973	1.0980641106e-03
3.305859	1.2991230879e-03
3.314746	1.5362067787e-03
3.323633	1.6076997350e-03
3.332520	1.7290709369e-03
3.341406	1.8931589493e-03
3.350293	1.5037026955e-03
3.359180	1.1958470172e-03
3.368066	1.3545304622e-03
3.376953	1.5500131259e-03
3.385840	1.6635314873e-03
3.394727	1.7476176558e-03
3.403613	2.1140588528e-03
3.412500	1.5995682085e-03
3.421387	1.7814076207e-03
3.430273	1.4527528371e-03
3.439160	1.8206709007e-03
3.448047	1.6072828110e-03
3.456934	2.1619599884e-03
3.465820	1.9988161137e-03
3.474707	2.5645420904e-03
3.483594	2.3505800249e-03
3.492480	2.1771186393e-03
3.501367	1.8354336031e-03
3.510254	1.5752318230e-03
3.519141	1.0458177165e-03
3.528027	9.4990407012e-04
3.536914	1.0728101012e-03
3.545801	1.2008282428e-03
3.554688	1.3445172323e-03
3.563574	1.5332951078e-03
3.572461	1.5470788022e-03
3.581348	1.3879475568e-03
3.590234	1.0573674942e-03
3.599121	1.0353175402e-03
3.608008	8.6376229772e-04
3.616895	7.9572508327e-04
3.625781	1.2463149287e-03
3.634668	1.3777752498e-03
3.643555	1.8248804578e-03
3.652441	1.9253022338e-03
3.661328	1.9167469337e-03
3.670215	1.5838101109e-03
3.679102	1.7545384333e-03
3.687988	1.1476533809e-03
3.696875	9.6721157779e-04
3.705762	1.0474688924e-03
3.714648	1.1218899784e-03
3.723535	8.6402660207e-04
3.732422	9.6964117212e-04
3.741309	1.0806413062e-03
3.750195	1.2209841273e-03
3.759082	1.3014524440e-03
3.767969	1.3200857404e-03
3.776855	1.3048597887e-03
3.785742	1.4727408123e-03
3.794629	1.5578267105e-03
3.803516	2.0630041326e-03
3.812402	2.5815411860e-03
3.821289	2.6350454534e-03
3.830176	2.5308399667e-03
3.839063	2.5194729275e-03
3.847949	2.2532316660e-03
3.856836	1.8457652249e-03
3.865723	1.9108859324e-03
3.874609	1.8039257394e-03
3.883496	1.5552536084e-03
3.892383	1.5731859055e-03
3.901270	1.4226078331e-03
3.910156	1.6209875187e-03
3.919043	1.6768649995e-03
3.927930	1.9093625162e-03
3.936816	1.9404733157e-03
3.945703	2.0052088234e-03
3.954590	1.6566978660e-03
3.963477	1.7761506211e-03
3.972363	1.5344882865e-03
3.981250	1.4458184319e-03
3.990137	1.6072404649e-03
3.999023	2.9909733140e-03
4.007910	1.0901840546e-02
4.016797	1.8361114329e-02
4.025684	2.0583613207e-02
4.034570	2.0372767728e-02
4.043457	1.9020659654e-02
4.052344	1.1187974764e-02
4.061230	3.8192031358e-03
4.070117	1.4859295728e-03
4.079004	1.6024366558e-03
4.087891	1.6378437302e-03
4.096777	1.5623329835e-03
4.105664	1.3536317653e-03
4.114551	1.2273969588e-03
4.123437	1.1206914256e-03
4.132324	1.4802247550e-03
4.141211	1.2397527562e-03
4.150098	1.4716820426e-03
4.158984	1.8206750126e-03
4.167871	1.7540357439e-03
4.176758	1.6344302825e-03
4.185645	1.5878947758e-03
4.194531	1.7793086970e-03
4.203418	1.8297893541e-03
4.212305	2.2112704596e-03
4.221191	1.8161632494e-03
4.230078	1.8278683496e-03
4.238965	2.0474913757e-03
4.247852	1.8425405890e-03
4.256738	1.9547794376e-03
4.265625	2.2539501855e-03
4.274512	2.2787070120e-03
4.283398	1.6983028089e-03
4.292285	1.5093281563e-03
4.301172	1.3370369573e-03
4.310059	1.4971750067e-03
4.318945	1.5417191956e-03
4.327832	1.5034905486e-03
4.336719	1.4220975072e-03
4.345605	1.5118960206e-03
4.354492	1.0911948045e-03
4.363379	1.2672562690e-03
4.372266	1.6764356840e-03
4.381152	1.7416452511e-03
4.390039	1.5479634114e-03
4.398926	1.4393711880e-03
4.407813	1.2209794458e-03
4.416699	8.2086273319e-04
4.425586	9.3451765829e-04
4.434473	1.1105324218e-03
4.443359	1.3261423654e-03
4.452246	1.3609920319e-03
4.461133	1.5112810975e-03
4.470020	1.2478349446e-03
4.478906	9.8189267654e-04
4.487793	8.9733892368e-04
4.496680	8.4821832464e-04
4.505566	6.4016340554e-04
4.514453	1.4582317328e-03
4.523340	1.2663360875e-03
4.532227	1.0711796011e-03
