0	0
0.0610352	0.000514699
0.12207	0.00131381
0.183105	0.00216221
0.244141	0.00121592
0.305176	0.00126917
0.366211	0.000896811
0.427246	0.00094089
0.488281	0.000999034
0.549316	0.00110701
0.610352	0.00126205
0.671387	0.00127091
0.732422	0.00145487
0.793457	0.00138127
0.854492	0.00132811
0.915527	0.00132504
0.976562	0.0014412
1.0376	0.00131808
1.09863	0.00157298
1.15967	0.00199196
1.2207	0.00197985
1.28174	0.00233487
1.34277	0.00276207
1.40381	0.00304651
1.46484	0.00272651
1.52588	0.00305478
1.58691	0.00366114
1.64795	0.00426998
1.70898	0.00397909
1.77002	0.00497506
1.83105	0.00487261
1.89209	0.00460051
1.95312	0.00453348
2.01416	0.00496563
2.0752	0.00529438
2.13623	0.00591684
2.19727	0.00666783
2.2583	0.0059952
2.31934	0.00741127
2.38037	0.00707728
2.44141	0.00857126
2.50244	0.00769938
2.56348	0.00894409
2.62451	0.00870225
2.68555	0.00979169
2.74658	0.00948792
2.80762	0.0106335
2.86865	0.011237
2.92969	0.00998842
2.99072	0.00855284
3.05176	0.00843257
3.11279	0.00821459
3.17383	0.00718193
3.23486	0.00880384
3.2959	0.00943591
3.35693	0.00863241
3.41797	0.00988998
3.479	0.0109641
3.54004	0.0118114
3.60107	0.0143613
3.66211	0.015365
3.72314	0.0132733
3.78418	0.0147944
3.84521	0.0150876
3.90625	0.013788
3.96729	0.0150142
4.02832	0.0159267
4.08936	0.0166811
4.15039	0.0163344
4.21143	0.016366
4.27246	0.0173757
4.3335	0.0198011
4.39453	0.0185312
4.45557	0.016881
4.5166	0.0189289
4.57764	0.0168865
4.63867	0.0151289
4.69971	0.0141228
4.76074	0.0174234
4.82178	0.0172155
4.88281	0.0156193
4.94385	0.0149695
5.00488	0.017117
5.06592	0.017841
5.12695	0.0143646
5.18799	0.0186071
5.24902	0.0208307
5.31006	0.0225552
5.37109	0.0196589
5.43213	0.022064
5.49316	0.022607
5.5542	0.0215799
5.61523	0.0234682
5.67627	0.0250742
5.7373	0.0269297
5.79834	0.0251973
5.85938	0.0283077
5.92041	0.0233364
5.98145	0.0225656
6.04248	0.017922
6.10352	0.0222509
6.16455	0.0227216
6.22559	0.0256164
6.28662	0.02757
6.34766	0.0323882
6.40869	0.0280901
6.46973	0.0277753
6.53076	0.029161
6.5918	0.0346937
6.65283	0.0348447
6.71387	0.0399309
6.7749	0.0392816
6.83594	0.0386884
6.89697	0.032902
6.95801	0.0315457
7.01904	0.023764
7.08008	0.0242229
7.14111	0.030067
7.20215	0.0306018
7.26318	0.0330072
7.32422	0.0395328
7.38525	0.0429714
7.44629	0.0346241
7.50732	0.0347636
7.56836	0.0374615
7.62939	0.0327323
7.69043	0.0310982
7.75146	0.032974
7.8125	0.0393829
7.87354	0.0370965
7.93457	0.0449903
7.99561	0.0502979
8.05664	0.0541335
8.11768	0.0460191
8.17871	0.044308
8.23975	0.0387769
8.30078	0.0341089
8.36182	0.0317607
8.42285	0.0415016
8.48389	0.0490475
8.54492	0.0469866
8.60596	0.0556973
8.66699	0.0609981
8.72803	0.0618588
8.78906	0.0588245
8.8501	0.0748739
8.91113	0.0667474
8.97217	0.0621121
9.0332	0.0602631
9.09424	0.0541587
9.15527	0.0429989
9.21631	0.0401227
9.27734	0.044539
9.33838	0.0401194
9.39941	0.0489005
9.46045	0.0496762
9.52148	0.0557122
9.58252	0.0566895
9.64355	0.0561826
9.70459	0.0524483
9.76562	0.060092
9.82666	0.0659791
9.8877	0.0592881
9.94873	0.0636226
10.0098	0.060704
10.0708	0.0518392
10.1318	0.0601696
10.1929	0.059272
10.2539	0.0635689
10.3149	0.0616238
10.376	0.0663224
10.437	0.0487369
10.498	0.0581016
10.5591	0.0621436
10.6201	0.0749715
10.6812	0.0835463
10.7422	0.0973572
10.8032	0.121489
10.8643	0.106114
10.9253	0.099327
10.9863	0.0898977
11.0474	0.0784602
11.1084	0.0464903
11.1694	0.0619062
11.2305	0.0689862
11.2915	0.0668749
11.3525	0.0655364
11.4136	0.0621204
11.4746	0.0576733
11.5356	0.0542656
11.5967	0.0565973
11.6577	0.0607165
11.7188	0.0713784
11.7798	0.0720851
11.8408	0.0793425
11.9019	0.0866355
11.9629	0.0947502
12.0239	0.101431
12.085	0.0966115
12.146	0.0883429
12.207	0.0747456
12.2681	0.0723867
12.3291	0.0683682
12.3901	0.0681181
12.4512	0.0849733
12.5122	0.0969838
12.5732	0.10122
12.6343	0.094956
12.6953	0.111711
12.7563	0.119875
12.8174	0.111164
12.8784	0.107121
12.9395	0.130178
13.0005	0.123312
13.0615	0.0980853
13.1226	0.097421
13.1836	0.095991
13.2446	0.0853944
13.3057	0.0882238
13.3667	0.0977266
13.4277	0.131676
13.4888	0.125716
13.5498	0.128578
13.6108	0.11607
13.6719	0.110856
13.7329	0.0966584
13.7939	0.099659
13.855	0.0813046
13.916	0.0834339
13.9771	0.0746045
14.0381	0.0785877
14.0991	0.0732373
14.1602	0.0994189
14.2212	0.120041
14.2822	0.117831
14.3433	0.119244
14.4043	0.14419
14.4653	0.140362
14.5264	0.135576
14.5874	0.144471
14.6484	0.124114
14.7095	0.129189
14.7705	0.127515
14.8315	0.107912
14.8926	0.102249
14.9536	0.129705
15.0146	0.116745
15.0757	0.163322
15.1367	0.161911
15.1978	0.213034
15.2588	0.182561
15.3198	0.20534
15.3809	0.175233
15.4419	0.20279
15.5029	0.158389
15.564	0.186788
15.625	0.168647
15.686	0.148531
15.7471	0.166563
15.8081	0.256521
15.8691	0.246229
15.9302	0.263124
15.9912	0.28419
16.0522	0.250787
16.1133	0.166167
16.1743	0.193346
16.2354	0.188823
16.2964	0.170866
16.3574	0.208703
16.4185	0.212149
16.4795	0.167939
16.5405	0.141164
16.6016	0.171131
16.6626	0.137528
16.7236	0.158339
16.7847	0.169156
16.8457	0.177314
16.9067	0.157154
16.9678	0.153594
17.0288	0.145141
17.0898	0.154123
17.1509	0.158928
17.2119	0.157875
17.2729	0.199473
17.334	0.204872
17.395	0.192215
17.4561	0.229253
17.5171	0.228192
17.5781	0.236337
17.6392	0.283033
17.7002	0.337398
17.7612	0.374907
17.8223	0.390973
17.8833	0.391792
17.9443	0.346286
18.0054	0.304291
18.0664	0.213482
18.1274	0.180115
18.1885	0.168685
18.2495	0.213268
18.3105	0.2716
18.3716	0.340476
18.4326	0.352448
18.4937	0.354911
18.5547	0.325015
18.6157	0.284668
18.6768	0.274233
18.7378	0.350959
18.7988	0.357316
18.8599	0.348277
18.9209	0.373486
18.9819	0.401582
19.043	0.319496
19.104	0.289868
19.165	0.391801
19.2261	0.441728
19.2871	0.405103
19.3481	0.431814
19.4092	0.511358
19.4702	0.431399
19.5312	0.377647
19.5923	0.336628
19.6533	0.327038
19.7144	0.238682
19.7754	0.213114
19.8364	0.208768
19.8975	0.222214
19.9585	0.211016
20.0195	0.217596
20.0806	0.213117
20.1416	0.167699
20.2026	0.17897
20.2637	0.206755
20.3247	0.272563
20.3857	0.297072
20.4468	0.334563
20.5078	0.345115
20.5688	0.306923
20.6299	0.273997
20.6909	0.262709
20.752	0.278033
20.813	0.320039
20.874	0.333207
20.9351	0.399051
20.9961	0.407766
21.0571	0.356513
21.1182	0.286085
21.1792	0.322349
21.2402	0.234501
21.3013	0.214944
21.3623	0.256711
21.4233	0.27069
21.4844	0.256506
21.5454	0.252252
21.6064	0.242188
21.6675	0.312863
21.7285	0.324038
21.7896	0.3737
21.8506	0.360328
21.9116	0.453111
21.9727	0.369913
22.0337	0.418609
22.0947	0.367206
22.1558	0.403794
22.2168	0.323241
22.2778	0.334814
22.3389	0.340563
22.3999	0.394938
22.4609	0.39835
22.522	0.409645
22.583	0.375841
22.644	0.327389
22.7051	0.260386
22.7661	0.350603
22.8271	0.358059
22.8882	0.43963
22.9492	0.448266
23.0103	0.533532
23.0713	0.475973
23.1323	0.474516
23.1934	0.468589
23.2544	0.52545
23.3154	0.423367
23.3765	0.366552
23.4375	0.423399
23.4985	0.400067
23.5596	0.317938
23.6206	0.402366
23.6816	0.437678
23.7427	0.378775
23.8037	0.486208
23.8647	0.472217
23.9258	0.486278
23.9868	0.494786
24.0479	0.552509
24.1089	0.453016
24.1699	0.636598
24.231	0.595581
24.292	0.57833
24.353	0.541212
24.4141	0.572629
24.4751	0.399163
24.5361	0.527592
24.5972	0.55479
24.6582	0.58085
24.7192	0.59738
24.7803	0.728514
24.8413	0.624126
24.9023	0.589223
24.9634	0.502812
25.0244	0.577647
25.0854	0.568336
25.1465	0.642885
25.2075	0.728558
25.2686	0.741303
25.3296	0.726208
25.3906	0.72533
25.4517	0.649177
25.5127	0.680825
25.5737	0.735611
25.6348	0.682969
25.6958	0.667762
25.7568	0.71361
25.8179	0.721092
25.8789	0.788776
25.9399	0.781191
26.001	0.70034
26.062	0.711301
26.123	0.664506
26.1841	0.669688
26.2451	0.674795
26.3062	0.832573
26.3672	0.874845
26.4282	0.965134
26.4893	0.891082
26.5503	0.957617
26.6113	0.851356
26.6724	0.743516
26.7334	0.606275
26.7944	0.666011
26.8555	0.672273
26.9165	0.854221
26.9775	0.940653
27.0386	1.07128
27.0996	0.989393
27.1606	1.04711
27.2217	0.953856
27.2827	1.13525
27.3438	1.08492
27.4048	1.15651
27.4658	1.37531
27.5269	1.36489
27.5879	1.15871
27.6489	1.52607
27.71	1.52051
27.771	1.63519
27.832	1.75084
27.8931	2.11241
27.9541	1.78074
28.0151	1.80883
28.0762	1.4008
28.1372	1.22043
28.1982	0.969254
28.2593	0.847231
28.3203	0.994452
28.3813	1.00679
28.4424	1.27865
28.5034	1.17151
28.5645	1.28963
28.6255	1.20413
28.6865	1.32
28.7476	1.13764
28.8086	1.60858
28.8696	1.97564
28.9307	2.01779
28.9917	1.93917
29.0527	2.01683
29.1138	1.60346
29.1748	1.19071
29.2358	1.21936
29.2969	1.33174
29.3579	1.19773
29.4189	1.21544
29.48	1.20487
29.541	1.16142
29.6021	0.959254
29.6631	1.25898
29.7241	1.35775
29.7852	1.5245
29.8462	1.72682
29.9072	1.92479
29.9683	1.91526
30.0293	1.92712
30.0903	2.09368
30.1514	2.03418
30.2124	2.10794
30.2734	2.13225
30.3345	2.03354
30.3955	1.88354
30.4565	2.11202
30.5176	1.74558
30.5786	1.87439
30.6396	1.94158
30.7007	2.28418
30.7617	2.08632
30.8228	2.64647
30.8838	2.52794
30.9448	2.52298
31.0059	2.09041
31.0669	2.08158
31.1279	2.0912
31.189	1.91522
31.25	1.98678
31.311	2.46888
31.3721	2.21451
31.4331	1.87253
31.4941	1.70114
31.5552	1.85224
31.6162	1.39728
31.6772	1.63195
31.7383	1.56019
31.7993	1.50274
31.8604	1.6721
31.9214	1.79383
31.9824	1.73072
32.0435	1.85219
32.1045	1.99812
32.1655	1.39908
32.2266	1.34415
32.2876	1.22687
32.3486	1.09817
32.4097	1.01296
32.4707	1.45899
32.5317	1.51148
32.5928	1.51605
32.6538	1.60368
32.7148	2.02096
32.7759	1.83139
32.8369	1.84935
32.8979	1.98286
32.959	1.84345
33.02	1.53861
33.0811	1.39498
33.1421	1.40822
33.2031	1.39645
33.2642	1.41023
33.3252	1.3683
33.3862	1.6216
33.4473	1.51302
33.5083	1.55409
33.5693	1.74539
33.6304	1.96298
33.6914	1.89832
33.7524	1.80657
33.8135	1.68875
33.8745	1.53646
33.9355	1.64277
33.9966	1.4923
34.0576	1.50834
34.1187	1.38131
34.1797	1.51419
34.2407	1.06415
34.3018	1.18336
34.3628	1.17953
34.4238	1.2867
34.4849	1.20282
34.5459	1.51203
34.6069	1.28244
34.668	1.2329
34.729	1.27591
34.79	1.30382
34.8511	1.29072
34.9121	1.41442
34.9731	1.48502
35.0342	1.59496
35.0952	1.50748
35.1562	1.33743
35.2173	1.31349
35.2783	1.26098
35.3394	1.15673
35.4004	1.39765
35.4614	1.5196
35.5225	1.67194
35.5835	1.55961
35.6445	1.46769
35.7056	1.19467
35.7666	1.00384
35.8276	0.770561
35.8887	1.10115
35.9497	1.35416
36.0107	1.27764
36.0718	1.34353
36.1328	1.31279
36.1938	1.13861
36.2549	0.830553
36.3159	1.00523
36.377	1.18006
36.438	1.15564
36.499	0.949884
36.5601	0.952133
36.6211	0.824805
36.6821	0.571272
36.7432	0.696359
36.8042	0.971124
36.8652	1.15029
36.9263	1.17601
36.9873	1.28494
37.0483	1.47032
37.1094	1.48207
37.1704	1.34169
37.2314	1.32172
37.2925	1.33533
37.3535	1.09261
37.4146	0.931126
37.4756	1.00046
37.5366	1.06546
37.5977	0.987366
37.6587	1.01194
37.7197	1.12696
37.7808	1.23787
37.8418	1.07216
37.9028	1.38719
37.9639	1.33129
38.0249	1.27111
38.0859	1.12956
38.147	1.23167
38.208	1.12637
38.269	1.23232
38.3301	1.27174
38.3911	1.3105
38.4521	1.32049
38.5132	1.12662
38.5742	1.00372
38.6353	0.907766
38.6963	0.819288
38.7573	0.887567
38.8184	0.891964
38.8794	0.86472
38.9404	0.925724
39.0015	1.16766
39.0625	1.24009
39.1235	1.22669
39.1846	1.20132
39.2456	1.50729
39.3066	1.26414
39.3677	1.1375
39.4287	1.08668
39.4897	1.2298
39.5508	0.85257
39.6118	1.01483
39.6729	1.08902
39.7339	1.13003
39.7949	1.14851
39.856	1.17793
39.917	1.29819
39.978	1.28662
40.0391	1.3811
40.1001	1.39665
40.1611	1.36201
40.2222	1.12415
40.2832	0.992644
40.3442	0.995286
40.4053	0.923509
40.4663	0.901229
40.5273	0.798967
40.5884	0.968704
40.6494	0.923718
40.7104	0.948077
40.7715	0.921399
40.8325	1.00003
40.8936	0.803869
40.9546	0.843301
41.0156	0.818383
41.0767	0.882268
41.1377	1.02322
41.1987	1.30996
41.2598	1.41334
41.3208	1.34942
41.3818	1.37853
41.4429	1.23083
41.5039	1.06663
41.5649	0.907961
41.626	0.969328
41.687	0.860002
41.748	0.845908
41.8091	0.723993
41.8701	0.67438
41.9312	0.57315
41.9922	0.676848
42.0532	0.750936
42.1143	0.83217
42.1753	0.872979
42.2363	0.866453
42.2974	0.918745
42.3584	0.85623
42.4194	1.14259
42.4805	1.04251
42.5415	1.22236
42.6025	1.01747
42.6636	1.26779
42.7246	0.92906
42.7856	1.20232
42.8467	1.26008
42.9077	1.30047
42.9688	1.09486
43.0298	1.1115
43.0908	0.879617
43.1519	0.746893
43.2129	0.79897
43.2739	0.735562
43.335	0.75773
43.396	0.959649
43.457	1.02168
43.5181	1.35738
43.5791	1.41029
43.6401	1.61793
43.7012	1.49282
43.7622	1.59433
43.8232	1.42705
43.8843	1.36595
43.9453	1.14181
44.0063	1.41754
44.0674	1.22605
44.1284	1.2514
44.1895	1.60021
44.2505	1.69712
44.3115	1.55311
44.3726	1.64022
44.4336	1.53696
44.4946	1.22772
44.5557	1.09338
44.6167	0.856918
44.6777	0.787704
44.7388	0.801659
44.7998	0.93951
44.8608	1.21516
44.9219	1.20774
44.9829	1.50368
45.0439	1.50017
45.105	1.38169
45.166	1.26713
45.2271	1.35925
45.2881	1.10307
45.3491	1.13476
45.4102	1.17665
45.4712	1.34518
45.5322	1.49755
45.5933	1.53845
45.6543	1.61357
45.7153	1.64059
45.7764	1.53493
45.8374	1.41218
45.8984	1.50612
45.9595	1.50597
46.0205	1.61063
46.0815	1.58796
46.1426	1.8525
46.2036	1.65565
46.2646	1.4606
46.3257	1.24686
46.3867	1.14404
46.4478	0.889744
46.5088	1.04081
46.5698	1.26082
46.6309	1.64564
46.6919	1.8175
46.7529	1.78646
46.814	1.92257
46.875	1.77811
46.936	1.56239
46.9971	1.45136
47.0581	1.45258
47.1191	1.19297
47.1802	1.43298
47.2412	1.41795
47.3022	1.27784
47.3633	1.55948
47.4243	1.75649
47.4854	1.56401
47.5464	1.61347
47.6074	1.86599
47.6685	1.74879
47.7295	2.09508
47.7905	1.9883
47.8516	1.9153
47.9126	1.71208
47.9736	1.79481
48.0347	1.61018
48.0957	1.97305
48.1567	2.39416
48.2178	2.50018
48.2788	2.67537
48.3398	2.40619
48.4009	2.33963
48.4619	1.93275
48.5229	1.76932
48.584	1.35542
48.645	1.36005
48.7061	1.13768
48.7671	1.41139
48.8281	1.75029
48.8892	1.95736
48.9502	1.96942
49.0112	2.19695
49.0723	2.45252
49.1333	2.74372
49.1943	3.19207
49.2554	3.45873
49.3164	3.60377
49.3774	4.07872
49.4385	4.11933
49.4995	4.11085
49.5605	5.70239
49.6216	10.6133
49.6826	92.0117
49.7437	167.662
49.8047	179.074
49.8657	180.862
49.9268	176.545
49.9878	94.7853
50.0488	19.1885
50.1099	8.05367
50.1709	5.10295
50.2319	5.02708
50.293	3.88198
50.354	3.24197
50.415	2.83794
50.4761	2.5069
50.5371	2.09071
50.5981	1.99993
50.6592	1.82141
50.7202	1.88368
50.7812	2.62939
50.8423	2.71643
50.9033	2.72366
50.9644	2.68102
51.0254	2.68068
51.0864	1.94712
51.1475	1.87796
51.2085	2.06697
51.2695	1.85016
51.3306	1.73141
51.3916	1.77727
51.4526	2.00083
51.5137	2.3606
51.5747	2.69766
51.6357	2.89575
51.6968	3.126
51.7578	2.88506
51.8188	2.2543
51.8799	2.05188
51.9409	1.87851
52.002	1.75355
52.063	2.11319
52.124	2.10148
52.1851	2.01362
52.2461	1.99282
52.3071	2.02997
52.3682	2.09433
52.4292	2.28324
52.4902	2.38896
52.5513	2.46594
52.6123	2.63188
52.6733	2.04863
52.7344	2.49884
52.7954	2.94708
52.8564	3.03684
52.9175	3.11871
52.9785	3.36646
53.0396	2.88753
53.1006	2.36596
53.1616	2.13477
53.2227	1.74088
53.2837	1.8353
53.3447	1.64168
53.4058	1.63903
53.4668	1.92854
53.5278	2.51739
53.5889	3.22719
53.6499	4.0181
53.7109	4.39332
53.772	4.77885
53.833	4.6068
53.894	3.62777
53.9551	3.38498
54.0161	3.22463
54.0771	2.47305
54.1382	1.98219
54.1992	2.20681
54.2603	1.95097
54.3213	1.89462
54.3823	2.06378
54.4434	2.69696
54.5044	2.87432
54.5654	2.84145
54.6265	2.78331
54.6875	2.86171
54.7485	2.58032
54.8096	2.77554
54.8706	3.08226
54.9316	3.37827
54.9927	3.42054
55.0537	3.56188
55.1147	3.18521
55.1758	3.09459
55.2368	3.04604
55.2979	2.72114
55.3589	2.96833
55.4199	3.17635
55.481	3.03067
55.542	3.05223
55.603	3.31389
55.6641	2.60241
55.7251	2.19395
55.7861	2.42046
55.8472	2.14526
55.9082	2.03427
55.9692	2.69648
56.0303	3.0628
56.0913	2.74237
56.1523	2.76323
56.2134	2.92378
56.2744	2.45967
56.3354	2.11182
56.3965	2.20053
56.4575	1.84906
56.5186	1.68229
56.5796	1.60385
56.6406	1.80272
56.7017	1.74209
56.7627	1.95093
56.8237	2.09144
56.8848	2.31096
56.9458	2.97792
57.0068	2.94488
57.0679	3.19513
57.1289	3.05732
57.1899	3.27791
57.251	2.45162
57.312	2.8247
57.373	2.91026
57.4341	2.69877
57.4951	2.05407
57.5562	2.29205
57.6172	1.88221
57.6782	1.6455
57.7393	2.05363
57.8003	2.69873
57.8613	2.25099
57.9224	2.44274
57.9834	2.3642
58.0444	2.04348
58.1055	1.45025
58.1665	1.37628
58.2275	1.93375
58.2886	2.0704
58.3496	2.20839
58.4106	3.13528
58.4717	3.66511
58.5327	3.238
58.5938	3.38048
58.6548	3.52669
58.7158	3.2506
58.7769	3.25307
58.8379	2.92108
58.8989	3.15628
58.96	3.68122
59.021	3.64593
59.082	3.79816
59.1431	4.06665
59.2041	3.90191
59.2651	3.42134
59.3262	3.87857
59.3872	3.92501
59.4482	3.98254
59.5093	4.09114
59.5703	5.19129
59.6313	4.66424
59.6924	4.66895
59.7534	5.10636
59.8145	4.59455
59.8755	3.49971
59.9365	3.29957
59.9976	2.7809
60.0586	3.05487
60.1196	3.25551
60.1807	3.49233
60.2417	3.40479
60.3027	3.80019
60.3638	3.10341
60.4248	2.91915
60.4858	2.68186
60.5469	2.9216
60.6079	3.34141
60.6689	3.05411
60.73	3.84752
60.791	3.89369
60.8521	3.41981
60.9131	4.51635
60.9741	4.42742
61.0352	3.56347
61.0962	3.64717
61.1572	3.85832
61.2183	2.57716
61.2793	2.69722
61.3403	3.12046
61.4014	3.25438
61.4624	3.42946
61.5234	3.19816
61.5845	3.47012
61.6455	3.80493
61.7065	3.85926
61.7676	3.82253
61.8286	4.69771
61.8896	4.78427
61.9507	4.32655
62.0117	3.88725
62.0728	4.33294
62.1338	4.26576
62.1948	5.99562
62.2559	6.55633
62.3169	6.89825
62.3779	6.52548
62.439	6.07444
62.5	4.42854
62.561	4.03916
62.6221	4.2622
62.6831	4.63691
62.7441	4.38841
62.8052	4.34373
62.8662	4.46217
62.9272	4.56585
62.9883	4.18084
63.0493	3.8291
63.1104	5.21432
63.1714	5.76158
63.2324	5.62949
63.2935	5.79231
63.3545	5.90573
63.4155	4.17322
63.4766	3.86022
63.5376	4.15016
63.5986	4.06524
63.6597	5.05664
63.7207	4.88476
63.7817	4.4124
63.8428	3.98042
63.9038	4.51676
63.9648	4.09618
64.0259	4.39347
64.0869	5.41375
64.1479	5.69745
64.209	6.12102
64.27	6.53267
64.3311	6.7574
64.3921	5.79444
64.4531	5.4171
64.5142	4.95258
64.5752	4.5292
64.6362	5.61881
64.6973	6.59441
64.7583	6.62489
64.8193	5.86731
64.8804	7.08654
64.9414	5.77815
65.0024	6.17817
65.0635	7.30352
65.1245	7.81517
65.1855	6.90312
65.2466	8.31019
65.3076	7.95923
65.3687	6.83668
65.4297	7.74464
65.4907	6.92507
65.5518	5.69963
65.6128	4.47574
65.6738	4.52484
65.7349	3.01466
65.7959	3.0466
65.8569	3.0198
65.918	4.16004
65.979	4.93993
66.04	6.19631
66.1011	6.79999
66.1621	7.63504
66.2231	7.51716
66.2842	9.38082
66.3452	9.73212
66.4062	10.2774
66.4673	10.1825
66.5283	9.82991
66.5894	8.4402
66.6504	8.27041
66.7114	7.63285
66.7725	7.20218
66.8335	7.44828
66.8945	7.20454
66.9556	7.02706
67.0166	7.46256
67.0776	8.48322
67.1387	8.41717
67.1997	6.98774
67.2607	6.57916
67.3218	6.67247
67.3828	5.35538
67.4438	5.93026
67.5049	6.77156
67.5659	6.12
67.627	5.57594
67.688	6.40779
67.749	6.41247
67.8101	7.27958
67.8711	9.45355
67.9321	10.3157
67.9932	9.89751
68.0542	9.43939
68.1152	9.28464
68.1763	7.73434
68.2373	6.99246
68.2983	7.99593
68.3594	7.84445
68.4204	6.78195
68.4814	6.49717
68.5425	8.04842
68.6035	9.47136
68.6646	10.2636
68.7256	11.3453
68.7866	14.0419
68.8477	12.1476
68.9087	9.53609
68.9697	9.74569
69.0308	9.23935
69.0918	7.75944
69.1528	9.09898
69.2139	9.37047
69.2749	9.23364
69.3359	9.8649
69.397	10.8658
69.458	10.4874
69.519	10.3745
69.5801	9.26879
69.6411	9.71041
69.7021	7.1171
69.7632	6.18203
69.8242	6.31621
69.8853	8.08398
69.9463	7.9115
70.0073	9.69323
70.0684	11.1089
70.1294	11.8537
70.1904	10.5145
70.2515	10.0249
70.3125	9.44083
70.3735	9.16111
70.4346	8.48499
70.4956	8.46753
70.5566	10.3147
70.6177	9.08301
70.6787	9.96044
70.7397	9.31683
70.8008	9.95868
70.8618	7.77588
70.9229	7.85573
70.9839	6.21467
71.0449	6.24009
71.106	5.97205
71.167	6.25003
71.228	6.97837
71.2891	7.05531
71.3501	7.60225
71.4111	7.73621
71.4722	7.71257
71.5332	9.21853
71.5942	8.83682
71.6553	8.889
71.7163	9.32131
71.7773	9.48167
71.8384	9.36034
71.8994	9.56422
71.9604	9.13064
72.0215	8.44512
72.0825	7.27611
72.1436	5.39772
72.2046	5.28663
72.2656	7.46628
72.3267	7.75937
72.3877	8.62217
72.4487	10.581
72.5098	10.5662
72.5708	8.92492
72.6318	9.64333
72.6929	8.80024
72.7539	7.05453
72.8149	7.68866
72.876	6.71293
72.937	5.29016
72.998	6.05431
73.0591	6.24669
73.1201	5.67121
73.1812	6.09413
73.2422	6.8411
73.3032	6.06097
73.3643	6.9548
73.4253	6.98258
73.4863	6.56479
73.5474	6.00884
73.6084	6.5724
73.6694	5.14751
73.7305	5.52847
73.7915	6.23533
73.8525	5.61249
73.9136	5.27519
73.9746	5.40445
74.0356	4.88974
74.0967	5.04774
74.1577	6.05752
74.2188	6.25662
74.2798	6.08133
74.3408	5.65374
74.4019	5.22089
74.4629	4.70073
74.5239	4.11256
74.585	4.73194
74.646	4.93117
74.707	4.86387
74.7681	4.24075
74.8291	4.87502
74.8901	4.69219
74.9512	5.11374
75.0122	5.23168
75.0732	5.54347
75.1343	5.67847
75.1953	5.74543
75.2563	5.27874
75.3174	4.7764
75.3784	5.03445
75.4395	4.04435
75.5005	3.60211
75.5615	3.12429
75.6226	3.66718
75.6836	3.47738
75.7446	5.16753
75.8057	4.85491
75.8667	5.45207
75.9277	4.84024
75.9888	4.45353
76.0498	3.52503
76.1108	3.69188
76.1719	3.7769
76.2329	4.13002
76.2939	6.33081
76.355	5.42293
76.416	5.75261
76.4771	5.98526
76.5381	5.93029
76.5991	3.63245
76.6602	6.20816
76.7212	6.55794
76.7822	7.48741
76.8433	8.67597
76.9043	9.85823
76.9653	8.51638
77.0264	8.41841
77.0874	7.45428
77.1484	5.9856
77.2095	5.62756
77.2705	4.81992
77.3315	4.94941
77.3926	5.3132
77.4536	5.34524
77.5146	4.78713
77.5757	4.5568
77.6367	5.17625
77.6978	4.54118
77.7588	5.33809
77.8198	5.37203
77.8809	5.52152
77.9419	4.39379
78.0029	4.11687
78.064	3.84729
78.125	3.45415
78.186	4.03602
78.2471	4.08421
78.3081	4.93265
78.3691	5.90796
78.4302	6.702
78.4912	6.23208
78.5522	6.28629
78.6133	6.04487
78.6743	6.44114
78.7354	5.99493
78.7964	6.14844
78.8574	7.18064
78.9185	6.95224
78.9795	7.054
79.0405	7.18003
79.1016	6.80572
79.1626	5.42372
79.2236	4.71856
79.2847	3.23705
79.3457	3.25202
79.4067	3.39634
79.4678	4.15034
79.5288	4.74772
79.5898	5.51095
79.6509	5.68723
79.7119	5.82748
79.7729	6.19066
79.834	6.55691
79.895	5.60371
79.9561	4.60283
80.0171	5.55033
80.0781	6.72223
80.1392	7.6274
80.2002	7.6668
80.2612	12.6117
80.3223	12.3506
80.3833	12.1484
80.4443	12.0005
80.5054	12.3395
80.5664	9.05419
80.6274	11.5464
80.6885	10.3061
80.7495	11.5524
80.8105	12.3571
80.8716	15.0369
80.9326	11.6372
80.9937	12.0232
81.0547	12.468
81.1157	13.6369
81.1768	11.3208
81.2378	11.8228
81.2988	10.452
81.3599	7.07486
81.4209	4.81956
81.4819	3.0778
81.543	4.6856
81.604	5.84277
81.665	6.7493
81.7261	7.28298
81.7871	7.42461
81.8481	5.82717
81.9092	7.36966
81.9702	8.25697
82.0312	7.53653
82.0923	7.69773
82.1533	7.71576
82.2144	5.12181
82.2754	4.03922
82.3364	4.81623
82.3975	5.22069
82.4585	5.57254
82.5195	6.30484
82.5806	6.8047
82.6416	6.31671
82.7026	7.38445
82.7637	7.77461
82.8247	9.42904
82.8857	9.37443
82.9468	10.5004
83.0078	8.43866
83.0688	7.19688
83.1299	5.73338
83.1909	6.42177
83.252	5.20566
83.313	6.2345
83.374	6.47978
83.4351	6.21896
83.4961	4.85548
83.5571	5.23491
83.6182	5.64474
83.6792	6.9585
83.7402	6.7039
83.8013	6.83576
83.8623	6.20792
83.9233	6.37549
83.9844	5.1783
84.0454	6.98074
84.1064	7.97217
84.1675	8.35365
84.2285	7.1193
84.2896	7.78801
84.3506	6.45541
84.4116	5.91524
84.4727	6.96419
84.5337	6.67601
84.5947	6.00198
84.6558	4.90264
84.7168	4.4839
84.7778	3.9747
84.8389	4.69666
84.8999	4.91121
84.9609	5.1991
85.022	5.50642
85.083	4.35913
85.144	4.53981
85.2051	5.81061
85.2661	5.52757
85.3271	5.77753
85.3882	6.24313
85.4492	6.46025
85.5103	5.1006
85.5713	5.48486
85.6323	4.95239
85.6934	4.6335
85.7544	6.78403
85.8154	6.2099
85.8765	7.10507
85.9375	6.74081
85.9985	6.98471
86.0596	4.2727
86.1206	4.53344
86.1816	3.55581
86.2427	3.51644
86.3037	4.08028
86.3647	4.62769
86.4258	4.40989
86.4868	5.48971
86.5479	5.9401
86.6089	5.23724
86.6699	5.36101
86.731	5.34292
86.792	4.4791
86.853	4.31137
86.9141	4.86472
86.9751	5.15731
87.0361	6.19857
87.0972	7.23442
87.1582	8.37346
87.2192	8.67353
87.2803	8.15455
87.3413	7.40918
87.4023	6.40545
87.4634	5.23118
87.5244	4.47098
87.5854	4.59267
87.6465	4.40878
87.7075	4.49942
87.7686	4.06973
87.8296	3.91299
87.8906	3.62167
87.9517	3.8107
88.0127	3.44165
88.0737	3.67183
88.1348	4.13509
88.1958	3.65829
88.2568	3.67566
88.3179	3.94976
88.3789	4.32491
88.4399	4.32018
88.501	4.15182
88.562	3.82621
88.623	3.5061
88.6841	3.73875
88.7451	4.24772
88.8062	5.09843
88.8672	5.5081
88.9282	6.11136
88.9893	6.48883
89.0503	5.77489
89.1113	5.1068
89.1724	4.8024
89.2334	5.00539
89.2944	4.57744
89.3555	4.53013
89.4165	4.65067
89.4775	4.68455
89.5386	4.55634
89.5996	4.02265
89.6606	5.30919
89.7217	5.17356
89.7827	5.53335
89.8438	5.7719
89.9048	6.2994
89.9658	4.94557
90.0269	5.57433
90.0879	5.80441
90.1489	5.47076
90.21	4.73155
90.271	5.47182
90.332	5.59253
90.3931	5.12274
90.4541	4.69225
90.5151	4.97359
90.5762	4.43869
90.6372	3.93329
90.6982	4.19096
90.7593	4.54429
90.8203	3.93301
90.8813	3.84243
90.9424	3.95291
91.0034	4.61059
91.0645	4.78598
91.1255	6.13285
91.1865	5.84091
91.2476	5.47423
91.3086	4.17423
91.3696	3.38096
91.4307	3.28449
91.4917	3.26372
91.5527	3.30073
91.6138	4.37924
91.6748	4.60549
91.7358	3.8431
91.7969	4.1762
91.8579	4.40744
91.9189	3.49868
91.98	4.73718
92.041	5.11691
92.1021	5.67496
92.1631	6.50941
92.2241	6.38254
92.2852	6.49033
92.3462	5.93315
92.4072	5.81154
92.4683	4.80431
92.5293	6.564
92.5903	5.12819
92.6514	5.69046
92.7124	5.09043
92.7734	5.03801
92.8345	4.58303
92.8955	4.48421
92.9565	3.82563
93.0176	4.14849
93.0786	5.06107
93.1396	4.85735
93.2007	5.59039
93.2617	7.12568
93.3228	7.26036
93.3838	6.60151
93.4448	7.6506
93.5059	7.16587
93.5669	6.38572
93.6279	6.06447
93.689	6.74468
93.75	5.25686
93.811	5.97909
93.8721	6.05315
93.9331	6.61154
93.9941	6.3863
94.0552	6.8616
94.1162	7.30462
94.1772	6.79155
94.2383	6.56319
94.2993	6.48999
94.3604	5.94317
94.4214	4.31533
94.4824	4.41938
94.5435	3.64952
94.6045	3.69659
94.6655	3.51552
94.7266	4.95232
94.7876	5.91473
94.8486	5.82488
94.9097	5.05
94.9707	4.972
95.0317	4.00125
95.0928	3.21068
95.1538	4.1432
95.2148	4.34606
95.2759	4.79672
95.3369	6.10842
95.3979	5.99427
95.459	6.56911
95.52	6.63521
95.5811	7.39572
95.6421	6.55602
95.7031	7.94647
95.7642	7.46346
95.8252	8.45438
95.8862	8.22848
95.9473	8.252
96.0083	7.41426
96.0693	7.78342
96.1304	8.06481
96.1914	9.55006
96.2524	9.27001
96.3135	10.1507
96.3745	9.54455
96.4355	9.12414
96.4966	7.95679
96.5576	8.13588
96.6187	7.86861
96.6797	8.34581
96.7407	7.57227
96.8018	8.10904
96.8628	8.81116
96.9238	7.25009
96.9849	6.17086
97.0459	6.07395
97.1069	4.76742
97.168	4.45028
97.229	4.47894
97.29	5.53475
97.3511	6.46416
97.4121	6.37872
97.4731	7.33762
97.5342	9.81776
97.5952	9.76961
97.6562	10.0222
97.7173	10.6128
97.7783	9.80809
97.8394	8.9141
97.9004	9.81939
97.9614	9.90148
98.0225	10.9944
98.0835	10.4425
98.1445	10.8892
98.2056	9.73916
98.2666	11.0181
98.3276	11.3005
98.3887	12.295
98.4497	10.9017
98.5107	13.1307
98.5718	12.108
98.6328	10.3847
98.6938	11.6993
98.7549	13.2062
98.8159	11.0884
98.877	10.5271
98.938	11.6407
98.999	9.67438
99.0601	8.05843
99.1211	8.82393
99.1821	10.1052
99.2432	10.5586
99.3042	9.84491
99.3652	9.92762
99.4263	11.7002
99.4873	12.7243
99.5483	12.591
99.6094	15.5862
99.6704	19.3077
99.7314	22.9614
99.7925	27.9064
99.8535	26.7181
99.9146	24.0763
99.9756	24.717
100.037	20.5337
100.098	12.9167
100.159	15.1504
100.22	15.6336
100.281	11.807
100.342	9.32118
100.403	11.7068
100.464	11.9555
100.525	13.0939
100.586	13.3743
100.647	19.1596
100.708	21.4684
100.769	18.9239
100.83	18.3838
100.891	18.7957
100.952	14.4416
101.013	13.1929
101.074	17.2269
101.135	19.0554
101.196	20.2856
101.257	20.7377
101.318	18.4524
101.379	17.1634
101.44	15.4117
101.501	16.8951
101.562	17.5695
101.624	16.0741
101.685	14.3939
101.746	13.4485
101.807	10.1195
101.868	10.5145
101.929	14.8883
101.99	14.5341
102.051	15.6575
102.112	18.6012
102.173	16.661
102.234	15.1518
102.295	13.9558
102.356	13.3958
102.417	11.411
102.478	11.66
102.539	11.986
102.6	12.5922
102.661	12.5375
102.722	12.1989
102.783	12.9143
102.844	11.2897
102.905	13.3443
102.966	15.1238
103.027	13.9133
103.088	13.4353
103.149	12.0947
103.21	11.5822
103.271	9.45665
103.333	11.037
103.394	10.0581
103.455	12.3366
103.516	12.4391
103.577	14.9007
103.638	14.9399
103.699	16.241
103.76	15.8682
103.821	14.473
103.882	13.8524
103.943	13.8768
104.004	14.3966
104.065	13.8497
104.126	13.7167
104.187	15.5292
104.248	17.4304
104.309	17.8262
104.37	17.2789
104.431	19.1856
104.492	18.696
104.553	17.9373
104.614	17.6244
104.675	18.5238
104.736	17.3041
104.797	16.3114
104.858	15.9087
104.919	14.1449
104.98	17.0047
105.042	18.4979
105.103	17.2749
105.164	15.54
105.225	16.3129
105.286	12.3266
105.347	11.6218
105.408	9.992
105.469	13.0406
105.53	11.3595
105.591	13.198
105.652	15.9395
105.713	17.9429
105.774	16.188
105.835	21.8354
105.896	22.7753
105.957	21.6292
106.018	21.438
106.079	25.256
106.14	26.8116
106.201	26.7591
106.262	24.8909
106.323	25.0821
106.384	23.9789
106.445	22.4887
106.506	20.7003
106.567	19.102
106.628	19.2858
106.689	19.9488
106.75	15.3909
106.812	16.0256
106.873	17.7642
106.934	17.7312
106.995	13.3378
107.056	16.2827
107.117	14.9096
107.178	19.8628
107.239	20.491
107.3	21.9381
107.361	20.3769
107.422	19.3851
107.483	14.8457
107.544	13.5433
107.605	13.1696
107.666	12.3524
107.727	13.656
107.788	13.3152
107.849	14.6743
107.91	15.054
107.971	16.3149
108.032	17.3015
108.093	18.1294
108.154	22.0418
108.215	21.2441
108.276	18.7116
108.337	19.8796
108.398	17.8737
108.459	13.5095
108.521	14.7623
108.582	15.5271
108.643	12.7765
108.704	11.4774
108.765	13.8054
108.826	12.7749
108.887	12.7567
108.948	12.8185
109.009	12.416
109.07	9.45632
109.131	11.0275
109.192	12.6217
109.253	12.0525
109.314	14.7375
109.375	15.6909
109.436	13.0748
109.497	12.0436
109.558	14.8903
109.619	14.1104
109.68	17.9134
109.741	20.26
109.802	18.9443
109.863	15.7781
109.924	15.208
109.985	8.52376
110.046	7.6223
110.107	9.96442
110.168	12.6649
110.229	13.2537
110.291	17.5191
110.352	17.1807
110.413	16.1368
110.474	14.0694
110.535	14.323
110.596	12.3878
110.657	12.8803
110.718	14.7391
110.779	21.1459
110.84	26.3199
110.901	30.143
110.962	31.955
111.023	32.461
111.084	26.6452
111.145	21.786
111.206	18.7838
111.267	16.7343
111.328	17.3187
111.389	19.1688
111.45	17.3866
111.511	16.8595
111.572	16.5822
111.633	13.1704
111.694	12.9881
111.755	15.3586
111.816	17.6683
111.877	21.1771
111.938	25.3953
112	25.2397
112.061	27.8855
112.122	30.4367
112.183	27.0179
112.244	28.0594
112.305	29.6494
112.366	27.8271
112.427	26.3944
112.488	27.247
112.549	23.0918
112.61	20.3991
112.671	19.1545
112.732	18.7119
112.793	19.1982
112.854	20.4761
112.915	20.344
112.976	21.0263
113.037	17.8569
113.098	16.8139
113.159	14.8443
113.22	13.9262
113.281	14.5469
113.342	13.3302
113.403	11.2103
113.464	11.4929
113.525	11.379
113.586	9.53713
113.647	11.0872
113.708	12.3655
113.77	12.2217
113.831	13.2855
113.892	17.3142
113.953	19.8328
114.014	22.5178
114.075	24.5291
114.136	26.8815
114.197	25.0336
114.258	21.9826
114.319	21.396
114.38	18.6054
114.441	20.8276
114.502	17.4597
114.563	18.1361
114.624	15.7169
114.685	16.7739
114.746	13.6895
114.807	14.1783
114.868	14.8479
114.929	17.0448
114.99	18.4564
115.051	17.1318
115.112	24.785
115.173	27.6608
115.234	31.6077
115.295	34.065
115.356	34.3638
115.417	28.4342
115.479	26.399
115.54	20.3255
115.601	22.3373
115.662	25.4229
115.723	27.7587
115.784	27.9588
115.845	27.1837
115.906	24.6677
115.967	21.0502
116.028	21.0767
116.089	22.1245
116.15	22.0063
116.211	21.4859
116.272	23.0706
116.333	21.1756
116.394	19.0573
116.455	25.0595
116.516	24.6208
116.577	32.2104
116.638	36.1108
116.699	37.4789
116.76	36.6578
116.821	38.5756
116.882	31.7793
116.943	27.4889
117.004	26.4765
117.065	28.9218
117.126	23.9239
117.188	24.1028
117.249	21.8717
117.31	21.344
117.371	16.3862
117.432	15.8537
117.493	14.5206
117.554	17.5727
117.615	16.5575
117.676	14.4102
117.737	19.2201
117.798	18.5013
117.859	17.2028
117.92	17.8653
117.981	22.1259
118.042	19.0154
118.103	19.1357
118.164	19.1892
118.225	20.7412
118.286	17.8059
118.347	16.9364
118.408	19.5103
118.469	19.2295
118.53	20.7739
118.591	22.6671
118.652	28.8379
118.713	29.1775
118.774	37.9021
118.835	39.7089
118.896	39.3538
118.958	37.8008
119.019	33.6197
119.08	30.3918
119.141	31.5623
119.202	30.2486
119.263	28.8989
119.324	37.7506
119.385	36.1895
119.446	31.657
119.507	34.4212
119.568	33.7039
119.629	26.8228
119.69	26.4159
119.751	24.1278
119.812	21.4641
119.873	20.868
119.934	20.5631
119.995	20.4237
120.056	22.3979
120.117	20.3925
120.178	21.9039
120.239	22.5338
120.3	18.6947
120.361	19.0545
120.422	21.7123
120.483	19.2024
120.544	23.6212
120.605	25.3901
120.667	25.8589
120.728	25.3015
120.789	26.3448
120.85	24.9263
120.911	31.0322
120.972	30.0535
121.033	31.9923
121.094	36.3184
121.155	34.3412
121.216	27.86
121.277	36.7189
121.338	32.5793
121.399	28.22
121.46	27.2864
121.521	28.4832
121.582	28.4154
121.643	29.0762
121.704	36.8802
121.765	37.3824
121.826	52.0389
121.887	43.5291
121.948	45.6591
122.009	41.8936
122.07	40.8139
122.131	29.9316
122.192	28.5614
122.253	30.6252
122.314	25.7507
122.375	26.9724
122.437	21.3956
122.498	20.4938
122.559	17.5691
122.62	15.8066
122.681	15.8589
122.742	15.9072
122.803	15.8941
122.864	17.7943
122.925	21.1415
122.986	27.5327
123.047	31.1116
123.108	29.8865
123.169	29.1728
123.23	26.8414
123.291	23.7379
123.352	22.2129
123.413	31.0735
123.474	27.7277
123.535	32.804
123.596	31.5387
123.657	30.3354
123.718	25.6226
123.779	32.8757
123.84	28.8434
123.901	24.1168
123.962	22.2598
124.023	20.0732
124.084	16.8415
124.146	18.8758
124.207	21.0542
124.268	27.0771
124.329	30.1605
124.39	33.2187
124.451	32.344
124.512	32.0014
124.573	24.3343
124.634	22.9566
124.695	21.8624
124.756	20.1538
124.817	16.1798
124.878	15.4877
