0.000000	4.3383308228e+00
0.008887	7.2559088377e+00
0.017773	6.3760116976e+00
0.026660	8.4302927785e+00
0.035547	9.1558092361e+00
0.044434	1.0834258885e+01
0.053320	8.4584348048e+00
0.062207	7.5734414750e+00
0.071094	5.8437577328e+00
0.079980	4.4406649913e+00
0.088867	2.8478037929e+00
0.097754	2.6968929145e+00
0.106641	2.6797670244e+00
0.115527	1.9658684247e+00
0.124414	2.1203398514e+00
0.133301	1.7766183389e+00
0.142187	1.6081507559e+00
0.151074	1.6604254132e+00
0.159961	1.6508473153e+00
0.168848	1.1725579420e+00
0.177734	1.1977722408e+00
0.186621	1.0942956156e+00
0.195508	9.8793913644e-01
0.204395	1.0854320011e+00
0.213281	9.6749324823e-01
0.222168	1.2322403104e+00
0.231055	1.1319639553e+00
0.239941	8.4449345182e-01
0.248828	5.9615101858e-01
0.257715	8.0310476248e-01
0.266602	5.1275026505e-01
0.275488	6.1099211525e-01
0.284375	6.1496425877e-01
0.293262	7.1070117685e-01
0.302148	5.5071119459e-01
0.311035	5.5942469421e-01
0.319922	4.9760204898e-01
0.328809	4.8594685396e-01
0.337695	4.7486049869e-01
0.346582	5.5605936258e-01
0.355469	5.0492820047e-01
0.364355	4.1838262824e-01
0.373242	4.0413680821e-01
0.382129	3.5714781614e-01
0.391016	2.1719210784e-01
0.399902	2.9692494966e-01
0.408789	2.8479747301e-01
0.417676	2.7354878124e-01
0.426563	2.6312558231e-01
0.435449	2.3274275295e-01
0.444336	1.3312174491e-01
0.453223	1.6750457806e-01
0.462109	1.5190580643e-01
0.470996	9.2541475126e-02
0.479883	1.2591508363e-01
0.488770	1.7759386922e-01
0.497656	1.5886115996e-01
0.506543	1.6759013466e-01
0.515430	1.5941169557e-01
0.524316	1.4182972603e-01
0.533203	1.0986971441e-01
0.542090	8.8462570217e-02
0.550977	1.0916570637e-01
0.559863	1.0424729566e-01
0.568750	8.1377079102e-02
0.577637	6.2383310207e-02
0.586523	6.6200397972e-02
0.595410	5.3518028863e-02
0.604297	8.0157249477e-02
0.613184	8.3563194082e-02
0.622070	9.0946362319e-02
0.630957	8.1504190850e-02
0.639844	7.2485601642e-02
0.648730	4.5024981980e-02
0.657617	4.0789585196e-02
0.666504	4.1056265198e-02
0.675391	3.9751322486e-02
0.684277	3.5180593584e-02
0.693164	3.3732824349e-02
0.702051	3.3832199893e-02
0.710938	2.0918252208e-02
0.719824	3.0703839326e-02
0.728711	2.7832400077e-02
0.737598	3.1305627655e-02
0.746484	3.0352606091e-02
0.755371	3.0933296663e-02
0.764258	1.6951054685e-02
0.773145	1.7020815432e-02
0.782031	1.2687060004e-02
0.790918	1.6492690397e-02
0.799805	1.6546790249e-02
0.808691	1.6367507751e-02
0.817578	1.3039337790e-02
0.826465	1.2588784005e-02
0.835352	8.4610480947e-03
0.844238	8.0819648702e-03
0.853125	8.4952303465e-03
0.862012	8.0461023587e-03
0.870898	7.7086850887e-03
0.879785	9.3289520555e-03
0.888672	6.4338801824e-03
0.897559	6.0103045661e-03
0.906445	7.5466691824e-03
0.915332	7.0976336785e-03
0.924219	5.9355219412e-03
0.933105	6.0464700325e-03
0.941992	6.2369960005e-03
0.950879	4.7143976985e-03
0.959766	4.5659888340e-03
0.968652	3.6289803243e-03
0.977539	3.2926782027e-03
0.986426	3.2498567869e-03
0.995313	3.1054490976e-03
1.004199	3.5822117250e-03
1.013086	4.5896355225e-03
1.021973	4.2747016050e-03
1.030859	4.3138542304e-03
1.039746	4.7770716689e-03
1.048633	4.9895142679e-03
1.057520	4.2927290392e-03
1.066406	3.7809570644e-03
1.075293	3.0627445441e-03
1.084180	2.5623798887e-03
1.093066	1.3277613128e-03
1.101953	1.0439534457e-03
1.110840	1.8118392099e-03
1.119727	2.0815725756e-03
1.128613	2.2290565615e-03
1.137500	2.1142983931e-03
1.146387	1.9826590032e-03
1.155273	1.2760825988e-03
1.164160	1.0464842654e-03
1.173047	1.5442394619e-03
1.181934	1.4863767501e-03
1.190820	1.6603583794e-03
1.199707	1.6676703712e-03
1.208594	1.5503917404e-03
1.217480	9.4216918211e-04
1.226367	9.5732201675e-04
1.235254	9.5201197696e-04
1.244141	1.5504732084e-03
1.253027	1.6132309639e-03
1.261914	1.7369143766e-03
1.270801	1.6986419748e-03
1.279688	1.6439758058e-03
1.288574	1.0723702048e-03
1.297461	9.4092012211e-04
1.306348	7.4569475753e-04
1.315234	8.4484926601e-04
1.324121	9.2723403063e-04
1.333008	8.7464690614e-04
1.341895	8.9146255453e-04
1.350781	8.7081600534e-04
1.359668	7.2453229979e-04
1.368555	5.8598647917e-04
1.377441	5.6255528897e-04
1.386328	6.9793332862e-04
1.395215	6.6692163590e-04
1.404102	7.9462055553e-04
1.412988	7.8671144546e-04
1.421875	8.4582701053e-04
1.430762	6.8503027751e-04
1.439648	8.5242525673e-04
1.448535	7.0964141285e-04
1.457422	8.4459898994e-04
1.466309	8.8154295089e-04
1.475195	8.4232173866e-04
1.484082	7.7368602681e-04
1.492969	9.5070970989e-04
1.501855	1.1625751461e-03
1.510742	1.4704658709e-03
1.519629	1.6414819347e-03
1.528516	1.5170948272e-03
1.537402	1.4615214607e-03
1.546289	1.2114879266e-03
1.555176	8.8753759435e-04
1.564063	9.4724902672e-04
1.572949	9.3328947547e-04
1.581836	9.9353138644e-04
1.590723	8.8665355751e-04
1.599609	7.5770314780e-04
1.608496	8.4202459499e-04
1.617383	8.0691266028e-04
1.626270	6.0390731409e-04
1.635156	7.0131648681e-04
1.644043	8.5610431888e-04
1.652930	9.2025919161e-04
1.661816	9.4523134668e-04
1.670703	9.9444425396e-04
1.679590	1.1054821345e-03
1.688477	1.2172337361e-03
1.697363	1.1057421582e-03
1.706250	1.2148078799e-03
1.715137	1.5164558610e-03
1.724023	1.5153812992e-03
1.732910	1.4896644975e-03
1.741797	1.3457707765e-03
1.750684	1.1719206034e-03
1.759570	8.6078155191e-04
1.768457	6.2724303941e-04
1.777344	6.9156957966e-04
1.786230	1.0629319302e-03
1.795117	1.7089210075e-03
1.804004	2.0905460442e-03
1.812891	2.2694973154e-03
1.821777	2.1619303324e-03
1.830664	1.8186195527e-03
1.839551	1.2207654691e-03
1.848437	1.0187866051e-03
1.857324	8.8010207675e-04
1.866211	7.9356780633e-04
1.875098	7.2474603999e-04
1.883984	1.0695744679e-03
1.892871	1.3243971930e-03
1.901758	1.6363182702e-03
1.910645	1.8859362874e-03
1.919531	1.9307496401e-03
1.928418	2.0007880514e-03
1.937305	1.5754179682e-03
1.946191	1.3385738449e-03
1.955078	9.4102646799e-04
1.963965	1.4994247717e-03
1.972852	1.1332178952e-03
1.981738	1.8643026418e-03
1.990625	1.7375896598e-03
1.999512	1.9040946824e-03
2.008398	1.3363691130e-03
2.017285	1.7253822716e-03
2.026172	1.0076919486e-03
2.035059	1.0370600493e-03
2.043945	9.2846285848e-04
2.052832	9.1505931941e-04
2.061719	5.8437888963e-04
2.070605	7.3609132729e-04
2.079492	9.8644962712e-04
2.088379	1.2237897338e-03
2.097266	1.2602288870e-03
2.106152	1.5266087025e-03
2.115039	1.4572635118e-03
2.123926	1.5670699816e-03
2.132812	1.7083740909e-03
2.141699	1.8352557938e-03
2.150586	1.7230049610e-03
2.159473	2.1324011338e-03
2.168359	2.1785699380e-03
2.177246	1.9048090379e-03
2.186133	1.8844303307e-03
2.195020	2.2322860280e-03
2.203906	1.8829974799e-03
2.212793	1.5345668695e-03
2.221680	1.5166008089e-03
2.230566	1.2861131848e-03
2.239453	6.9023683365e-04
2.248340	5.5538798251e-04
2.257227	6.6677161819e-04
2.266113	1.0547729360e-03
2.275000	2.2124414476e-03
2.283887	2.1681181921e-03
2.292773	2.1938370459e-03
2.301660	2.0983535872e-03
2.310547	1.7921844977e-03
2.319434	7.6494789254e-04
2.328320	1.1181908582e-03
2.337207	1.1331067892e-03
2.346094	1.4176175969e-03
2.354980	1.3739583072e-03
2.363867	1.5287196531e-03
2.372754	1.1737083081e-03
2.381641	1.3905020049e-03
2.390527	1.1180167477e-03
2.399414	1.1645404982e-03
2.408301	1.2005010586e-03
2.417187	1.2985457399e-03
2.426074	1.3495978511e-03
2.434961	1.3395970743e-03
2.443848	1.1969052256e-03
2.452734	1.0785430209e-03
2.461621	1.1614585476e-03
2.470508	9.3686721590e-04
2.479395	9.4553996203e-04
2.488281	9.3918036017e-04
2.497168	9.7005659856e-04
2.506055	9.3700994305e-04
2.514941	9.0090488305e-04
2.523828	1.3960266057e-03
2.532715	1.6452645630e-03
2.541602	1.7746135799e-03
2.550488	1.8345324866e-03
2.559375	1.8531293182e-03
2.568262	1.8019142675e-03
2.577148	1.9428736280e-03
2.586035	2.0641487597e-03
2.594922	1.9174654241e-03
2.603809	2.2157882096e-03
2.612695	1.6967918890e-03
2.621582	1.4484772882e-03
2.630469	9.9080202889e-04
2.639355	1.0600889093e-03
2.648242	6.4965033364e-04
2.657129	6.2729972506e-04
2.666016	5.8487125884e-04
2.674902	6.8145011358e-04
2.683789	6.9663979929e-04
2.692676	1.1193718326e-03
2.701563	1.3228735572e-03
2.710449	1.3627671151e-03
2.719336	1.3306897602e-03
2.728223	1.2431590138e-03
2.737109	8.9573511359e-04
2.745996	9.9868920175e-04
2.754883	8.6047995705e-04
2.763770	7.5148111951e-04
2.772656	8.4956553708e-04
2.781543	8.1413446676e-04
2.790430	4.8682959260e-04
2.799316	6.9366745134e-04
2.808203	9.3689880213e-04
2.817090	1.2655672061e-03
2.825977	1.4739048720e-03
2.834863	1.7104330758e-03
2.843750	1.5730653626e-03
2.852637	1.3308160383e-03
2.861523	9.3150439899e-04
2.870410	6.4546993808e-04
2.879297	5.3325157472e-04
2.888184	5.6958549341e-04
2.897070	8.3656776274e-04
2.905957	1.3210806589e-03
2.914844	1.3087758258e-03
2.923730	1.4021673737e-03
2.932617	1.6140960743e-03
2.941504	1.5778142008e-03
2.950391	1.0244052438e-03
2.959277	1.0943089969e-03
2.968164	1.1014307845e-03
2.977051	7.9177704427e-04
2.985937	8.3533236811e-04
2.994824	1.0629421942e-03
3.003711	1.0486794582e-03
3.012598	1.0648730826e-03
3.021484	1.0299971420e-03
3.030371	9.2593100877e-04
3.039258	1.0253107725e-03
3.048145	1.0595417687e-03
3.057031	9.6809165625e-04
3.065918	1.0520515138e-03
3.074805	9.4053733770e-04
3.083691	9.1045966217e-04
3.092578	9.3732203788e-04
3.101465	1.2120877431e-03
3.110352	1.5507538260e-03
3.119238	2.0143927488e-03
3.128125	1.8027027364e-03
3.137012	2.1518336421e-03
3.145898	1.8652885402e-03
3.154785	1.5108854007e-03
3.163672	1.0566826038e-03
3.172559	1.2247923170e-03
3.181445	9.3264809258e-04
3.190332	9.7125852762e-04
3.199219	8.7842089372e-04
3.208105	8.0790171390e-04
3.216992	7.6582557887e-04
3.225879	9.7603483828e-04
3.234766	9.0957499786e-04
3.243652	9.4483394377e-04
3.252539	1.2781218033e-03
3.261426	1.3064735827e-03
3.270313	1.0971934576e-03
3.279199	1.0903856197e-03
3.288086	1.3362522409e-03
3.296973	1.1387255235e-03
3.305859	9.2832557612e-04
3.314746	9.9946612496e-04
3.323633	9.6320217813e-04
3.332520	9.7258959493e-04
3.341406	9.9615661898e-04
3.350293	1.3735603791e-03
3.359180	1.3293955530e-03
3.368066	1.3943323073e-03
3.376953	1.3117500643e-03
3.385840	1.5409392472e-03
3.394727	1.1695835116e-03
3.403613	1.2514984314e-03
3.412500	1.4364046699e-03
3.421387	1.5033365323e-03
3.430273	1.2189460738e-03
3.439160	1.2443757645e-03
3.448047	1.0359524096e-03
3.456934	7.9271794501e-04
3.465820	9.0171191487e-04
3.474707	9.7561895514e-04
3.483594	9.6750474598e-04
3.492480	1.2760192645e-03
3.501367	1.2434644921e-03
3.510254	1.1597722977e-03
3.519141	1.0910029742e-03
3.528027	1.3573877027e-03
3.536914	1.3299209149e-03
3.545801	1.5486387159e-03
3.554688	1.3905022285e-03
3.563574	1.3080115306e-03
3.572461	1.0989553871e-03
3.581348	8.0436478525e-04
3.590234	5.4193652014e-04
3.599121	5.0271557781e-04
3.608008	5.8048174907e-04
3.616895	9.0003239073e-04
3.625781	1.1027719009e-03
3.634668	1.2899812309e-03
3.643555	2.0356911874e-03
3.652441	1.9291029754e-03
3.661328	1.5879238701e-03
3.670215	1.5142333308e-03
3.679102	1.4379113105e-03
3.687988	8.3814360296e-04
3.696875	1.0808543342e-03
3.705762	1.1350295252e-03
3.714648	1.3361382637e-03
3.723535	1.5480279581e-03
3.732422	1.5669491042e-03
3.741309	1.6144322710e-03
3.750195	1.8972251253e-03
3.759082	1.9807192014e-03
3.767969	1.8297519028e-03
3.776855	1.8061089061e-03
3.785742	2.3232717353e-03
3.794629	2.0666703547e-03
3.803516	1.7347219555e-03
3.812402	1.7395538090e-03
3.821289	1.5565286004e-03
3.830176	9.1763418855e-04
3.839063	1.0376441613e-03
3.847949	1.1384181764e-03
3.856836	1.1481237126e-03
3.865723	1.1246352158e-03
3.874609	1.4292511028e-03
3.883496	1.2769913221e-03
3.892383	1.0956676627e-03
3.901270	1.0377950964e-03
3.910156	1.4820524013e-03
3.919043	1.0300771483e-03
3.927930	9.4975100836e-04
3.936816	1.0232978909e-03
3.945703	1.5309846836e-03
3.954590	1.1333607276e-03
3.963477	1.1364578352e-03
3.972363	1.5197324752e-03
3.981250	3.3304568255e-03
3.990137	4.7801255885e-03
3.999023	7.7919041701e-03
4.007910	1.9081554589e-02
4.016797	2.0008576781e-02
4.025684	1.8909503238e-02
4.034570	1.8148898376e-02
4.043457	1.5572898389e-02
4.052344	4.7778504869e-03
4.061230	3.5263117648e-03
4.070117	2.7273255120e-03
4.079004	1.7317028253e-03
4.087891	1.4453188907e-03
4.096777	1.0225463283e-03
4.105664	1.4195294474e-03
4.114551	1.6379869866e-03
4.123437	1.3488556008e-03
4.132324	1.2502444371e-03
4.141211	1.3797786599e-03
4.150098	1.7482145588e-03
4.158984	1.5730334802e-03
4.167871	1.8666276154e-03
4.176758	2.1700488188e-03
4.185645	2.3253491666e-03
4.194531	2.4413383237e-03
4.203418	2.7566211818e-03
4.212305	3.0502603159e-03
4.221191	3.6935344249e-03
4.230078	3.5972098531e-03
4.238965	2.7335105452e-03
4.247852	2.7327746857e-03
4.256738	2.7214332339e-03
4.265625	1.8338772855e-03
4.274512	2.8492964546e-03
4.283398	3.4463033922e-03
4.292285	3.5295098674e-03
4.301172	3.1492031040e-03
4.310059	3.3707295276e-03
4.318945	2.5394780407e-03
4.327832	2.3314485479e-03
4.336719	2.2370047511e-03
4.345605	2.4607531963e-03
4.354492	2.4075368798e-03
4.363379	2.3219123168e-03
4.372266	1.9647620666e-03
4.381152	1.8529340977e-03
4.390039	1.5342029066e-03
4.398926	2.0167334028e-03
4.407813	1.7624534201e-03
4.416699	1.7514276443e-03
4.425586	1.5983185044e-03
4.434473	1.9391335969e-03
4.443359	1.1906861305e-03
4.452246	2.4034596023e-03
4.461133	3.0372393691e-03
4.470020	3.0692037213e-03
4.478906	2.7973635079e-03
4.487793	2.8576993202e-03
4.496680	1.7659206364e-03
4.505566	9.3590179012e-04
4.514453	7.8921055237e-04
4.523340	5.4453681736e-04
4.532227	3.3653842262e-04
