0	0
0.00888672	0.000511221
0.0177734	0.00237573
0.0266602	0.00530154
0.0355469	0.00897577
0.0444336	0.0101996
0.0533203	0.0135312
0.062207	0.00983072
0.0710937	0.00978058
0.0799805	0.0175439
0.0888672	0.0235735
0.0977539	0.0264306
0.106641	0.0300429
0.115527	0.033351
0.124414	0.03528
0.133301	0.0354981
0.142187	0.0586404
0.151074	0.0726894
0.159961	0.0808183
0.168848	0.0870175
0.177734	0.0982232
0.186621	0.0779738
0.195508	0.0722818
0.204395	0.0744007
0.213281	0.0529839
0.222168	0.0574403
0.231055	0.0655384
0.239941	0.0656061
0.248828	0.0673646
0.257715	0.0812465
0.266602	0.0664993
0.275488	0.0607961
0.284375	0.0838032
0.293262	0.0952259
0.302148	0.0858864
0.311035	0.0840442
0.319922	0.0838083
0.328809	0.07944
0.337695	0.0821944
0.346582	0.0877822
0.355469	0.104614
0.364355	0.115469
0.373242	0.0989277
0.382129	0.0748169
0.391016	0.0671677
0.399902	0.0573805
0.408789	0.074203
0.417676	0.0748221
0.426563	0.0829974
0.435449	0.0771261
0.444336	0.0752334
0.453223	0.0749121
0.462109	0.0929576
0.470996	0.0996641
0.479883	0.106709
0.48877	0.0947738
0.497656	0.079407
0.506543	0.0653325
0.51543	0.0543532
0.524316	0.0512483
0.533203	0.0533138
0.54209	0.0495487
0.550977	0.0401198
0.559863	0.0353604
0.56875	0.0507934
0.577637	0.0531674
0.586523	0.0399375
0.59541	0.040417
0.604297	0.0374768
0.613184	0.0180297
0.62207	0.0258699
0.630957	0.0448861
0.639844	0.0485895
0.64873	0.0553326
0.657617	0.0838837
0.666504	0.0864364
0.675391	0.0637524
0.684277	0.0605807
0.693164	0.0585761
0.702051	0.0268077
0.710938	0.0186603
0.719824	0.0179802
0.728711	0.022283
0.737598	0.0182834
0.746484	0.0196979
0.755371	0.0192849
0.764258	0.0274665
0.773145	0.0253731
0.782031	0.0243419
0.790918	0.0265983
0.799805	0.0273277
0.808691	0.0257165
0.817578	0.0245451
0.826465	0.0295158
0.835352	0.0284339
0.844238	0.0238925
0.853125	0.0190925
0.862012	0.0177305
0.870898	0.0131702
0.879785	0.0132251
0.888672	0.0120891
0.897559	0.0183832
0.906445	0.0174547
0.915332	0.0197961
0.924219	0.0180582
0.933105	0.0186431
0.941992	0.0110665
0.950879	0.0113719
0.959766	0.0196638
0.968652	0.0226699
0.977539	0.0267185
0.986426	0.0258355
0.995313	0.0271712
1.0042	0.0201812
1.01309	0.0179412
1.02197	0.0175729
1.03086	0.0190025
1.03975	0.0174052
1.04863	0.0104141
1.05752	0.0105767
1.06641	0.00872809
1.07529	0.00691469
1.08418	0.00780537
1.09307	0.00947436
1.10195	0.00941795
1.11084	0.00729314
1.11973	0.00668952
1.12861	0.00631968
1.1375	0.00478623
1.14639	0.00499287
1.15527	0.00492146
1.16416	0.00889339
1.17305	0.00925664
1.18193	0.0105066
1.19082	0.010461
1.19971	0.0109995
1.20859	0.00942805
1.21748	0.00860724
1.22637	0.012112
1.23525	0.0132567
1.24414	0.0126571
1.25303	0.0105855
1.26191	0.00976774
1.2708	0.00614408
1.27969	0.00575302
1.28857	0.00607452
1.29746	0.00649499
1.30635	0.00686986
1.31523	0.00628321
1.32412	0.00576277
1.33301	0.00542423
1.34189	0.00576532
1.35078	0.00520425
1.35967	0.00486817
1.36855	0.00428383
1.37744	0.00588432
1.38633	0.00520906
1.39521	0.00531848
1.4041	0.00555341
1.41299	0.00605883
1.42188	0.00465445
1.43076	0.00498059
1.43965	0.00579545
1.44854	0.00520717
1.45742	0.00455006
1.46631	0.00545981
1.4752	0.00460904
1.48408	0.00392809
1.49297	0.00445993
1.50186	0.00456547
1.51074	0.00336913
1.51963	0.00388915
1.52852	0.00461335
1.5374	0.0038364
1.54629	0.00427121
1.55518	0.00443748
1.56406	0.00476103
1.57295	0.00488873
1.58184	0.00586893
1.59072	0.00612758
1.59961	0.00668989
1.6085	0.00617587
1.61738	0.00752911
1.62627	0.00723892
1.63516	0.0064692
1.64404	0.0065019
1.65293	0.00634381
1.66182	0.00508867
1.6707	0.00475181
1.67959	0.00566419
1.68848	0.00562232
1.69736	0.00540078
1.70625	0.00445621
1.71514	0.00484514
1.72402	0.00382948
1.73291	0.00444818
1.7418	0.00549088
1.75068	0.00557154
1.75957	0.00582332
1.76846	0.00686177
1.77734	0.00791696
1.78623	0.00673089
1.79512	0.00746156
1.804	0.00730537
1.81289	0.00700093
1.82178	0.00532674
1.83066	0.00668058
1.83955	0.0062968
1.84844	0.00906785
1.85732	0.00841841
1.86621	0.00756939
1.8751	0.00909306
1.88398	0.00941874
1.89287	0.00597796
1.90176	0.0076154
1.91064	0.0078048
1.91953	0.0051428
1.92842	0.00478189
1.9373	0.00591113
1.94619	0.00512482
1.95508	0.00584997
1.96396	0.00589424
1.97285	0.00672851
1.98174	0.00742693
1.99063	0.00696361
1.99951	0.00636501
2.0084	0.00630844
2.01729	0.00561463
2.02617	0.00441668
2.03506	0.00450344
2.04395	0.00633979
2.05283	0.00666384
2.06172	0.00690215
2.07061	0.00646541
2.07949	0.00623701
2.08838	0.00520752
2.09727	0.00668443
2.10615	0.00706768
2.11504	0.00886132
2.12393	0.0113803
2.13281	0.0124143
2.1417	0.0115062
2.15059	0.0105413
2.15947	0.00921083
2.16836	0.00808077
2.17725	0.00671323
2.18613	0.00744797
2.19502	0.00776004
2.20391	0.00779886
2.21279	0.0086549
2.22168	0.00883456
2.23057	0.00844977
2.23945	0.0111948
2.24834	0.013376
2.25723	0.0155471
2.26611	0.0169686
2.275	0.0209472
2.28389	0.0204301
2.29277	0.0188791
2.30166	0.0151608
2.31055	0.0134943
2.31943	0.00909571
2.32832	0.00800795
2.33721	0.00872769
2.34609	0.0138221
2.35498	0.0167848
2.36387	0.0170472
2.37275	0.0162878
2.38164	0.0165308
2.39053	0.0110233
2.39941	0.00744319
2.4083	0.0116398
2.41719	0.0118639
2.42607	0.010192
2.43496	0.0094723
2.44385	0.014442
2.45273	0.0103795
2.46162	0.00914563
2.47051	0.0101845
2.47939	0.0105314
2.48828	0.0055691
2.49717	0.00595536
2.50605	0.00793071
2.51494	0.0082302
2.52383	0.0111326
2.53271	0.0132047
2.5416	0.0125007
2.55049	0.0119138
2.55938	0.0114616
2.56826	0.00963199
2.57715	0.00844786
2.58604	0.0104653
2.59492	0.0129863
2.60381	0.0125305
2.6127	0.0132442
2.62158	0.0148817
2.63047	0.0121239
2.63936	0.0102671
2.64824	0.00973477
2.65713	0.0110632
2.66602	0.0109581
2.6749	0.012831
2.68379	0.0134662
2.69268	0.0151478
2.70156	0.0127745
2.71045	0.0143925
2.71934	0.0131461
2.72822	0.0151446
2.73711	0.0144622
2.746	0.013719
2.75488	0.0107603
2.76377	0.0102217
2.77266	0.00774967
2.78154	0.00731335
2.79043	0.00774329
2.79932	0.00869136
2.8082	0.0113111
2.81709	0.00982354
2.82598	0.0110071
2.83486	0.0106229
2.84375	0.0136825
2.85264	0.0108204
2.86152	0.0129387
2.87041	0.012113
2.8793	0.0137984
2.88818	0.00995285
2.89707	0.0128309
2.90596	0.0133386
2.91484	0.013851
2.92373	0.0123393
2.93262	0.0151362
2.9415	0.012199
2.95039	0.011826
2.95928	0.0105892
2.96816	0.012741
2.97705	0.0147864
2.98594	0.0215293
2.99482	0.0224521
3.00371	0.0230996
3.0126	0.021448
3.02148	0.0161381
3.03037	0.00923063
3.03926	0.0104245
3.04814	0.0133857
3.05703	0.0168462
3.06592	0.01903
3.0748	0.0231384
3.08369	0.0177002
3.09258	0.0210016
3.10146	0.0183813
3.11035	0.0188343
3.11924	0.0158214
3.12813	0.0214303
3.13701	0.0162592
3.1459	0.014978
3.15479	0.0183463
3.16367	0.0180996
3.17256	0.0159468
3.18145	0.0136496
3.19033	0.0174644
3.19922	0.0120739
3.20811	0.0137575
3.21699	0.0109733
3.22588	0.0161775
3.23477	0.0128219
3.24365	0.0125363
3.25254	0.01303
3.26143	0.0200989
3.27031	0.0170975
3.2792	0.0215621
3.28809	0.0214728
3.29697	0.021327
3.30586	0.0159891
3.31475	0.0175501
3.32363	0.0164208
3.33252	0.0187952
3.34141	0.0231791
3.35029	0.0232308
3.35918	0.0201576
3.36807	0.0174979
3.37695	0.0144919
3.38584	0.00829993
3.39473	0.00710596
3.40361	0.00709427
3.4125	0.0147359
3.42139	0.020098
3.43027	0.0309083
3.43916	0.0308351
3.44805	0.0309481
3.45693	0.0250036
3.46582	0.0203439
3.47471	0.0113274
3.48359	0.0141772
3.49248	0.0135053
3.50137	0.0198964
3.51025	0.0190943
3.51914	0.0229393
3.52803	0.0230433
3.53691	0.0300779
3.5458	0.0282561
3.55469	0.0338926
3.56357	0.02925
3.57246	0.0338306
3.58135	0.0285048
3.59023	0.0264027
3.59912	0.0232526
3.60801	0.0224225
3.61689	0.0188046
3.62578	0.0227427
3.63467	0.0222321
3.64355	0.023978
3.65244	0.0249274
3.66133	0.0203486
3.67021	0.0197117
3.6791	0.0197887
3.68799	0.0197019
3.69687	0.0242967
3.70576	0.0289218
3.71465	0.0242621
3.72354	0.0188366
3.73242	0.0180602
3.74131	0.0137646
3.7502	0.0101273
3.75908	0.0102541
3.76797	0.0142023
3.77686	0.0133269
3.78574	0.0150824
3.79463	0.0195046
3.80352	0.023469
3.8124	0.0230923
3.82129	0.0226156
3.83018	0.0214517
3.83906	0.0200007
3.84795	0.0161521
3.85684	0.0136385
3.86572	0.0128051
3.87461	0.0116719
3.8835	0.0113446
3.89238	0.0117398
3.90127	0.016651
3.91016	0.0204751
3.91904	0.0199322
3.92793	0.0211322
3.93682	0.0225554
3.9457	0.0186666
3.95459	0.0160045
3.96348	0.0201839
3.97236	0.0176222
3.98125	0.0305916
3.99014	0.0687181
3.99902	0.151042
4.00791	0.228991
4.0168	0.245185
4.02568	0.246952
4.03457	0.214148
4.04346	0.139832
4.05234	0.0595586
4.06123	0.0455914
4.07012	0.0446853
4.079	0.0435651
4.08789	0.0350274
4.09678	0.034085
4.10566	0.0328936
4.11455	0.019269
4.12344	0.0149607
4.13232	0.0178244
4.14121	0.0200693
4.1501	0.0211151
4.15898	0.0245198
4.16787	0.0228514
4.17676	0.0224109
4.18564	0.0224569
4.19453	0.0242924
4.20342	0.0192234
4.2123	0.0255618
4.22119	0.0280843
4.23008	0.0230989
4.23896	0.0234132
4.24785	0.0304796
4.25674	0.0274069
4.26562	0.0211307
4.27451	0.0223171
4.2834	0.0202159
4.29229	0.0136655
4.30117	0.0103694
4.31006	0.0103287
4.31895	0.0107763
4.32783	0.00935952
4.33672	0.0113614
4.34561	0.011048
4.35449	0.0267339
4.36338	0.0244021
4.37227	0.0234545
4.38115	0.026358
4.39004	0.0371071
4.39893	0.0290709
4.40781	0.0316849
4.4167	0.0352646
4.42559	0.0380595
4.43447	0.0309999
4.44336	0.0398108
4.45225	0.0398706
4.46113	0.036019
4.47002	0.0371658
4.47891	0.0352544
4.48779	0.0190206
4.49668	0.0217717
4.50557	0.0219783
4.51445	0.0180132
4.52334	0.0156879
4.53223	0.0132324
