0.000000	6.4731019709e-01
0.008887	7.2184396706e-01
0.017773	4.4980489872e-01
0.026660	4.8414940316e-01
0.035547	3.6065299532e-01
0.044434	4.6964908370e-01
0.053320	3.4229442685e-01
0.062207	3.6539446604e-01
0.071094	2.8499004480e-01
0.079980	3.3149973871e-01
0.088867	2.3412058208e-01
0.097754	2.4196987970e-01
0.106641	2.0347182154e-01
0.115527	2.2274358413e-01
0.124414	1.5407421828e-01
0.133301	1.4901915727e-01
0.142187	9.9121166243e-02
0.151074	1.4794722710e-01
0.159961	1.1483259200e-01
0.168848	1.6497070002e-01
0.177734	1.4345512333e-01
0.186621	2.0036082855e-01
0.195508	1.5173409869e-01
0.204395	1.7198839531e-01
0.213281	1.2167237724e-01
0.222168	1.2829125991e-01
0.231055	7.6271840447e-02
0.239941	9.3702792457e-02
0.248828	6.6193917807e-02
0.257715	8.0496151427e-02
0.266602	7.0910871084e-02
0.275488	6.9681262590e-02
0.284375	5.0115085355e-02
0.293262	5.5730900673e-02
0.302148	3.4223036831e-02
0.311035	4.6467851236e-02
0.319922	4.2858259111e-02
0.328809	5.5263973700e-02
0.337695	4.4200757063e-02
0.346582	5.2484369998e-02
0.355469	3.8670857152e-02
0.364355	4.3226034512e-02
0.373242	2.2333230911e-02
0.382129	3.2162612562e-02
0.391016	2.7747704466e-02
0.399902	2.9764265886e-02
0.408789	2.4623170097e-02
0.417676	2.6369480684e-02
0.426563	1.7322626666e-02
0.435449	1.4442264103e-02
0.444336	1.1892147609e-02
0.453223	1.4490698359e-02
0.462109	1.1255737164e-02
0.470996	9.5928059488e-03
0.479883	1.2119920060e-02
0.488770	1.2353619227e-02
0.497656	8.3567916800e-03
0.506543	7.8765680458e-03
0.515430	1.0214181518e-02
0.524316	8.3915199757e-03
0.533203	7.2134167057e-03
0.542090	8.6287666908e-03
0.550977	1.0964417977e-02
0.559863	1.2048770616e-02
0.568750	1.5024833440e-02
0.577637	1.4264765633e-02
0.586523	1.6108590226e-02
0.595410	1.3930621536e-02
0.604297	1.2516614226e-02
0.613184	9.2885902934e-03
0.622070	9.6335798480e-03
0.630957	7.6004290559e-03
0.639844	8.5134166583e-03
0.648730	6.7810865539e-03
0.657617	5.2801896662e-03
0.666504	4.8295362409e-03
0.675391	4.6502078323e-03
0.684277	4.6198801656e-03
0.693164	4.9515058815e-03
0.702051	5.1242745073e-03
0.710938	7.1487012752e-03
0.719824	6.2517273614e-03
0.728711	6.3341335316e-03
0.737598	5.7727193756e-03
0.746484	5.7961002851e-03
0.755371	3.8385149588e-03
0.764258	4.5769040198e-03
0.773145	3.5797044636e-03
0.782031	3.7852040532e-03
0.790918	3.6520644795e-03
0.799805	4.0812344126e-03
0.808691	3.2974432069e-03
0.817578	3.1762485622e-03
0.826465	2.3239217152e-03
0.835352	2.8821262669e-03
0.844238	3.0790946713e-03
0.853125	3.2966209563e-03
0.862012	3.0998775289e-03
0.870898	3.5986385235e-03
0.879785	2.6244187773e-03
0.888672	2.0912512999e-03
0.897559	1.9548190274e-03
0.906445	2.5329493104e-03
0.915332	2.3037081312e-03
0.924219	2.7676361496e-03
0.933105	3.1293271020e-03
0.941992	3.2291961482e-03
0.950879	3.4395004788e-03
0.959766	3.1936847389e-03
0.968652	3.1078926119e-03
0.977539	2.9796640672e-03
0.986426	2.5181461288e-03
0.995313	1.9824169871e-03
1.004199	2.0274228823e-03
1.013086	1.7447474430e-03
1.021973	1.0885706493e-03
1.030859	1.3838517982e-03
1.039746	2.2303794184e-03
1.048633	2.5890562047e-03
1.057520	3.5106505970e-03
1.066406	3.8258347232e-03
1.075293	4.1267404432e-03
1.084180	3.0504585258e-03
1.093066	2.6078938461e-03
1.101953	1.7917219881e-03
1.110840	1.4997129739e-03
1.119727	1.1324026887e-03
1.128613	1.0726546676e-03
1.137500	1.0871392891e-03
1.146387	1.3232336217e-03
1.155273	1.4325059713e-03
1.164160	1.1038007423e-03
1.173047	1.0816548948e-03
1.181934	1.2517157540e-03
1.190820	9.8881528506e-04
1.199707	8.2050140354e-04
1.208594	7.9255956604e-04
1.217480	8.1460404044e-04
1.226367	6.8760842795e-04
1.235254	1.0654006568e-03
1.244141	1.5511972809e-03
1.253027	1.8509603415e-03
1.261914	1.8846952922e-03
1.270801	2.4345021768e-03
1.279688	2.1501020793e-03
1.288574	1.8551167072e-03
1.297461	1.8897598161e-03
1.306348	2.5166664753e-03
1.315234	1.9241997451e-03
1.324121	1.7866838694e-03
1.333008	1.7909432319e-03
1.341895	1.3934998934e-03
1.350781	8.1482995676e-04
1.359668	8.6730176314e-04
1.368555	1.2727975964e-03
1.377441	1.0892382032e-03
1.386328	1.1474922107e-03
1.395215	1.0005113677e-03
1.404102	9.7714939152e-04
1.412988	6.0048062668e-04
1.421875	1.6685678855e-03
1.430762	1.8176457282e-03
1.439648	1.9509483221e-03
1.448535	1.9330579640e-03
1.457422	1.9354691090e-03
1.466309	9.9205465941e-04
1.475195	9.2249693938e-04
1.484082	8.1334509613e-04
1.492969	1.0421796633e-03
1.501855	1.0234493865e-03
1.510742	1.1624528777e-03
1.519629	1.1621420722e-03
1.528516	1.8466937774e-03
1.537402	1.6530612354e-03
1.546289	1.9150092141e-03
1.555176	1.9007976600e-03
1.564063	1.8782529508e-03
1.572949	1.1508468843e-03
1.581836	1.0523228469e-03
1.590723	8.9227216658e-04
1.599609	6.5839330618e-04
1.608496	5.8086841798e-04
1.617383	6.5448010505e-04
1.626270	8.0385510244e-04
1.635156	7.2136878154e-04
1.644043	7.8683124592e-04
1.652930	1.1699986335e-03
1.661816	1.3645226380e-03
1.670703	1.6304799045e-03
1.679590	1.6531680988e-03
1.688477	1.6760719780e-03
1.697363	1.5656019856e-03
1.706250	1.6648927947e-03
1.715137	1.2919158472e-03
1.724023	1.3374802325e-03
1.732910	1.2181421470e-03
1.741797	1.2294419270e-03
1.750684	1.0772782074e-03
1.759570	1.2743594935e-03
1.768457	1.3002468078e-03
1.777344	1.9430611050e-03
1.786230	1.8490262343e-03
1.795117	1.8085904815e-03
1.804004	1.7224939784e-03
1.812891	1.5311935159e-03
1.821777	1.0479081623e-03
1.830664	9.6302083079e-04
1.839551	1.0825363941e-03
1.848437	1.0508143900e-03
1.857324	9.8668635356e-04
1.866211	9.5192145588e-04
1.875098	1.3717724979e-03
1.883984	1.3445461941e-03
1.892871	1.2139396822e-03
1.901758	1.4274454767e-03
1.910645	1.6647848163e-03
1.919531	1.1598314648e-03
1.928418	9.2247304249e-04
1.937305	9.2523662700e-04
1.946191	8.9541654961e-04
1.955078	9.0829892808e-04
1.963965	1.1842136128e-03
1.972852	1.6383184587e-03
1.981738	1.8970002748e-03
1.990625	2.1004792981e-03
1.999512	1.8734680211e-03
2.008398	1.7633659251e-03
2.017285	1.3566733383e-03
2.026172	1.2792280367e-03
2.035059	8.8113810496e-04
2.043945	1.3717795825e-03
2.052832	1.4385804399e-03
2.061719	1.6569278111e-03
2.070605	1.6035109080e-03
2.079492	1.7055117705e-03
2.088379	1.2987752728e-03
2.097266	1.1000434115e-03
2.106152	1.0198338888e-03
2.115039	9.0553449795e-04
2.123926	9.1479114058e-04
2.132812	7.5768535379e-04
2.141699	7.6573397293e-04
2.150586	6.9738490935e-04
2.159473	1.1826027566e-03
2.168359	1.1743448794e-03
2.177246	1.0848604697e-03
2.186133	1.4357203526e-03
2.195020	1.4147868654e-03
2.203906	9.3535869577e-04
2.212793	1.0585940413e-03
2.221680	1.2158771447e-03
2.230566	9.4434747664e-04
2.239453	8.2103289108e-04
2.248340	7.5270307135e-04
2.257227	6.6687772061e-04
2.266113	9.3647325228e-04
2.275000	9.7795885363e-04
2.283887	1.1458474029e-03
2.292773	1.7740813777e-03
2.301660	1.7473382779e-03
2.310547	1.5791549038e-03
2.319434	1.4603159069e-03
2.328320	1.8185855181e-03
2.337207	1.3187892519e-03
2.346094	1.5423751913e-03
2.354980	1.6761336824e-03
2.363867	1.7322473740e-03
2.372754	1.3439572733e-03
2.381641	1.2558450552e-03
2.390527	1.0541321134e-03
2.399414	6.4007225258e-04
2.408301	5.6684632808e-04
2.417187	5.8142941433e-04
2.426074	6.1221459055e-04
2.434961	6.6741084074e-04
2.443848	8.6701427146e-04
2.452734	9.2858943724e-04
2.461621	9.3697600531e-04
2.470508	1.1537460078e-03
2.479395	1.5610605501e-03
2.488281	1.6914585158e-03
2.497168	1.6262688682e-03
2.506055	1.5693799486e-03
2.514941	1.3986255866e-03
2.523828	1.4069428186e-03
2.532715	1.3730137702e-03
2.541602	1.5480840814e-03
2.550488	1.6484980392e-03
2.559375	1.5939000938e-03
2.568262	1.1350930831e-03
2.577148	1.0067556446e-03
2.586035	7.9163658238e-04
2.594922	7.6126438657e-04
2.603809	8.8219832253e-04
2.612695	1.4319945734e-03
2.621582	1.6979453003e-03
2.630469	1.7298254515e-03
2.639355	1.6474594452e-03
2.648242	1.4921996023e-03
2.657129	9.2042547885e-04
2.666016	6.2418723798e-04
2.674902	9.5689127589e-04
2.683789	9.5148455780e-04
2.692676	1.1067250555e-03
2.701563	1.0788674650e-03
2.710449	1.4934772657e-03
2.719336	1.2849367090e-03
2.728223	1.5771467788e-03
2.737109	1.5608146521e-03
2.745996	1.9896226560e-03
2.754883	1.7850791302e-03
2.763770	1.7206486837e-03
2.772656	1.4659655970e-03
2.781543	1.4079075356e-03
2.790430	1.2538236006e-03
2.799316	1.0914972619e-03
2.808203	1.0437417717e-03
2.817090	1.0939150996e-03
2.825977	1.1498997336e-03
2.834863	7.7057050237e-04
2.843750	1.1641841127e-03
2.852637	1.5681370862e-03
2.861523	1.4672594160e-03
2.870410	1.3138794145e-03
2.879297	1.7602259481e-03
2.888184	1.2885838468e-03
2.897070	1.2546506420e-03
2.905957	1.3379933855e-03
2.914844	1.6866853010e-03
2.923730	1.2421420716e-03
2.932617	1.7148775236e-03
2.941504	1.3602071256e-03
2.950391	1.2841596853e-03
2.959277	9.2815582274e-04
2.968164	1.3723764642e-03
2.977051	9.4820971017e-04
2.985937	8.9315314345e-04
2.994824	8.5999539151e-04
3.003711	1.0043628061e-03
3.012598	9.2348772531e-04
3.021484	1.0637587562e-03
3.030371	1.0603091086e-03
3.039258	1.2321715896e-03
3.048145	1.2934473317e-03
3.057031	1.0757038696e-03
3.065918	1.2549858932e-03
3.074805	1.3161683817e-03
3.083691	1.2528688439e-03
3.092578	1.9035405362e-03
3.101465	1.8384455291e-03
3.110352	1.6961820036e-03
3.119238	1.7153225913e-03
3.128125	2.1613775335e-03
3.137012	1.3433731210e-03
3.145898	1.9104484783e-03
3.154785	1.5849720994e-03
3.163672	1.7466108296e-03
3.172559	1.2862293799e-03
3.181445	1.7013957658e-03
3.190332	1.1412681345e-03
3.199219	1.7186101962e-03
3.208105	1.5260159646e-03
3.216992	1.4833962264e-03
3.225879	1.0533406643e-03
3.234766	1.0602653966e-03
3.243652	7.8180729075e-04
3.252539	1.5860175634e-03
3.261426	1.5558982417e-03
3.270313	1.5430010741e-03
3.279199	1.5192206590e-03
3.288086	1.4338607648e-03
3.296973	7.3048820333e-04
3.305859	9.9940723811e-04
3.314746	1.2054920157e-03
3.323633	1.4218823132e-03
3.332520	1.8909312108e-03
3.341406	1.8229464087e-03
3.350293	1.8965523091e-03
3.359180	1.9514011472e-03
3.368066	2.1085092855e-03
3.376953	1.4555724444e-03
3.385840	1.4573275011e-03
3.394727	1.1576473898e-03
3.403613	1.0227845980e-03
3.412500	6.2221355761e-04
3.421387	1.0674322093e-03
3.430273	1.3015875046e-03
3.439160	1.4060527403e-03
3.448047	1.6167843712e-03
3.456934	1.9496855007e-03
3.465820	1.5510124523e-03
3.474707	1.2191911559e-03
3.483594	1.2479512455e-03
3.492480	9.2167503881e-04
3.501367	6.6825028974e-04
3.510254	9.9188691628e-04
3.519141	9.5589902754e-04
3.528027	7.5351131636e-04
3.536914	7.2642205639e-04
3.545801	9.4047275382e-04
3.554688	7.1190311545e-04
3.563574	7.7090591026e-04
3.572461	8.4854000634e-04
3.581348	1.0206928076e-03
3.590234	9.2396888209e-04
3.599121	9.6446970624e-04
3.608008	1.1584928300e-03
3.616895	1.3793685554e-03
3.625781	1.2748102012e-03
3.634668	1.2304087178e-03
3.643555	1.1651713503e-03
3.652441	1.0565799812e-03
3.661328	8.1682686532e-04
3.670215	8.9651677760e-04
3.679102	1.1247202153e-03
3.687988	1.1782293141e-03
3.696875	1.4210838612e-03
3.705762	1.5523486010e-03
3.714648	2.0797317802e-03
3.723535	1.6847214253e-03
3.732422	1.5256292802e-03
3.741309	1.1955957560e-03
3.750195	1.3061058573e-03
3.759082	8.3606780792e-04
3.767969	9.7429999652e-04
3.776855	1.1593757069e-03
3.785742	1.6790065121e-03
3.794629	1.9659304504e-03
3.803516	1.9683726953e-03
3.812402	1.9381382059e-03
3.821289	1.9653378367e-03
3.830176	1.7920292179e-03
3.839063	2.6322050208e-03
3.847949	2.6358149317e-03
3.856836	2.6909010236e-03
3.865723	2.6292076290e-03
3.874609	2.5506167591e-03
3.883496	1.5654639826e-03
3.892383	1.4543285176e-03
3.901270	1.3432454862e-03
3.910156	1.2751112801e-03
3.919043	1.1526656408e-03
3.927930	9.0481312598e-04
3.936816	1.0696067882e-03
3.945703	9.9869507533e-04
3.954590	1.5300367317e-03
3.963477	1.8439739225e-03
3.972363	1.9449550803e-03
3.981250	3.2115645580e-03
3.990137	4.5388494943e-03
3.999023	1.1206327714e-02
4.007910	1.7398326920e-02
4.016797	1.9909697836e-02
4.025684	1.8728990457e-02
4.034570	1.7684212754e-02
4.043457	1.0632708224e-02
4.052344	4.1560001512e-03
4.061230	1.5410569570e-03
4.070117	1.3582409610e-03
4.079004	1.2072076788e-03
4.087891	1.1256077738e-03
4.096777	1.2051468477e-03
4.105664	1.0806317408e-03
4.114551	1.4465624201e-03
4.123437	1.3580873350e-03
4.132324	1.7843151827e-03
4.141211	1.6184335866e-03
4.150098	1.6329557862e-03
4.158984	1.1626396000e-03
4.167871	1.2381748232e-03
4.176758	8.0115725170e-04
4.185645	8.6506810783e-04
4.194531	8.5402291309e-04
4.203418	8.3525966850e-04
4.212305	9.3532075196e-04
4.221191	1.0139770850e-03
4.230078	9.6028073320e-04
4.238965	1.1199211645e-03
4.247852	1.1226991913e-03
4.256738	9.5929799814e-04
4.265625	7.9630942240e-04
4.274512	6.8688999461e-04
4.283398	7.6034500135e-04
4.292285	8.0413735772e-04
4.301172	1.0315619170e-03
4.310059	1.5024887891e-03
4.318945	1.9920432948e-03
4.327832	1.7819356771e-03
4.336719	1.8249511957e-03
4.345605	2.2508699849e-03
4.354492	2.3408501089e-03
4.363379	1.8815643221e-03
4.372266	2.0650579501e-03
4.381152	1.8998230645e-03
4.390039	1.5050728782e-03
4.398926	9.7002901162e-04
4.407813	9.7544680381e-04
4.416699	7.5820743049e-04
4.425586	1.0330099554e-03
4.434473	7.5736919470e-04
4.443359	7.0460143796e-04
4.452246	6.9509412176e-04
4.461133	6.0529973410e-04
4.470020	7.3461000660e-04
4.478906	1.1382162888e-03
4.487793	1.1826121081e-03
4.496680	1.6762301661e-03
4.505566	1.7941993655e-03
4.514453	1.4122745452e-03
4.523340	9.3183472688e-04
4.532227	7.7979919052e-04
