0.000000	1.8791799236e+00
0.008887	2.1713922861e+00
0.017773	2.2079319825e+00
0.026660	1.8290920176e+00
0.035547	1.9945063498e+00
0.044434	1.6474655728e+00
0.053320	1.4304292301e+00
0.062207	1.2389863775e+00
0.071094	1.0327837774e+00
0.079980	7.8329755462e-01
0.088867	9.0077943951e-01
0.097754	8.5129178480e-01
0.106641	8.7660827769e-01
0.115527	6.7687323484e-01
0.124414	5.7068690172e-01
0.133301	4.2710099660e-01
0.142187	4.0597457420e-01
0.151074	3.6159736996e-01
0.159961	3.8472601200e-01
0.168848	4.6745980765e-01
0.177734	3.7548442214e-01
0.186621	3.2267302694e-01
0.195508	2.9973108130e-01
0.204395	2.8309183592e-01
0.213281	1.9577176221e-01
0.222168	1.3556015190e-01
0.231055	1.3277412143e-01
0.239941	9.6619827427e-02
0.248828	5.6674563784e-02
0.257715	4.5850874056e-02
0.266602	5.6355580387e-02
0.275488	5.5540787931e-02
0.284375	6.0211833559e-02
0.293262	6.6215632220e-02
0.302148	6.5263186744e-02
0.311035	5.8522091067e-02
0.319922	5.9658891852e-02
0.328809	5.2908810239e-02
0.337695	4.8015564746e-02
0.346582	4.4588177634e-02
0.355469	2.9834869405e-02
0.364355	2.2738329466e-02
0.373242	2.0589445123e-02
0.382129	1.8113086816e-02
0.391016	1.9102917158e-02
0.399902	2.1642126610e-02
0.408789	2.1079610697e-02
0.417676	1.5602962214e-02
0.426563	1.2748016871e-02
0.435449	1.0987477672e-02
0.444336	9.9580333916e-03
0.453223	1.1338250592e-02
0.462109	9.9253426761e-03
0.470996	8.1702394153e-03
0.479883	7.4493488534e-03
0.488770	4.9971714776e-03
0.497656	3.6625174030e-03
0.506543	3.8338135348e-03
0.515430	4.9501690595e-03
0.524316	5.0733710330e-03
0.533203	4.8410008228e-03
0.542090	5.4826163878e-03
0.550977	5.9894958896e-03
0.559863	5.2102411768e-03
0.568750	4.9518998399e-03
0.577637	4.5345899210e-03
0.586523	3.9199503632e-03
0.595410	3.2961716050e-03
0.604297	3.4114904164e-03
0.613184	3.7138601308e-03
0.622070	4.2802335424e-03
0.630957	3.4611558918e-03
0.639844	3.7904220851e-03
0.648730	4.1354322380e-03
0.657617	3.6113839065e-03
0.666504	2.8626201416e-03
0.675391	2.9083511081e-03
0.684277	2.2691066134e-03
0.693164	1.4707950330e-03
0.702051	1.6365284853e-03
0.710938	1.8402386539e-03
0.719824	1.3868075005e-03
0.728711	1.2121020477e-03
0.737598	1.0896283657e-03
0.746484	9.5499053245e-04
0.755371	8.2154175725e-04
0.764258	8.0763018880e-04
0.773145	9.6947920762e-04
0.782031	7.8286285257e-04
0.790918	7.2914335776e-04
0.799805	7.3268746658e-04
0.808691	7.7937611302e-04
0.817578	8.3350566672e-04
0.826465	1.4872061118e-03
0.835352	1.6144953497e-03
0.844238	2.5700931066e-03
0.853125	2.8864025316e-03
0.862012	2.8028802114e-03
0.870898	2.3640369659e-03
0.879785	2.2711196856e-03
0.888672	1.2470628699e-03
0.897559	1.1491798440e-03
0.906445	1.1079408965e-03
0.915332	1.6788679454e-03
0.924219	2.2967484851e-03
0.933105	2.3007917370e-03
0.941992	2.2052070637e-03
0.950879	2.1507674748e-03
0.959766	1.6010538557e-03
0.968652	1.3588138841e-03
0.977539	1.2828823477e-03
0.986426	1.6665465283e-03
0.995313	2.2546397200e-03
1.004199	2.6253514758e-03
1.013086	2.7316103088e-03
1.021973	2.9146787538e-03
1.030859	2.6490693510e-03
1.039746	2.4104972724e-03
1.048633	3.3024068419e-03
1.057520	4.0220189540e-03
1.066406	3.9715562852e-03
1.075293	4.3153983734e-03
1.084180	4.1211645695e-03
1.093066	2.6751980209e-03
1.101953	1.5900073701e-03
1.110840	1.4153135050e-03
1.119727	1.0226100067e-03
1.128613	9.2465706511e-04
1.137500	9.7199332224e-04
1.146387	7.5426781466e-04
1.155273	9.3392976069e-04
1.164160	9.5269682697e-04
1.173047	9.6716461067e-04
1.181934	9.1498409780e-04
1.190820	1.0671682642e-03
1.199707	1.2069093882e-03
1.208594	8.8531113633e-04
1.217480	1.3808403732e-03
1.226367	1.6258563891e-03
1.235254	1.4767563219e-03
1.244141	1.1656961688e-03
1.253027	1.3174400072e-03
1.261914	1.0426378515e-03
1.270801	9.3724467317e-04
1.279688	1.3470180493e-03
1.288574	1.6408127935e-03
1.297461	1.6241092627e-03
1.306348	1.4185017578e-03
1.315234	1.3712522943e-03
1.324121	1.4637762021e-03
1.333008	1.7256417324e-03
1.341895	1.7899036705e-03
1.350781	1.9007238437e-03
1.359668	2.0472610972e-03
1.368555	1.8106600691e-03
1.377441	1.6165811885e-03
1.386328	1.7993644904e-03
1.395215	2.0121824984e-03
1.404102	1.8267956824e-03
1.412988	1.7586055328e-03
1.421875	1.9788553616e-03
1.430762	1.7386771441e-03
1.439648	1.3514626547e-03
1.448535	1.9412126219e-03
1.457422	1.7026551614e-03
1.466309	1.2838619548e-03
1.475195	1.2742168525e-03
1.484082	1.3767593645e-03
1.492969	1.2539673257e-03
1.501855	1.5295748179e-03
1.510742	1.6375887630e-03
1.519629	1.9520232108e-03
1.528516	1.9911924243e-03
1.537402	1.5184006033e-03
1.546289	1.6928248221e-03
1.555176	1.6326823543e-03
1.564063	1.2147657115e-03
1.572949	1.2419570195e-03
1.581836	1.4786128933e-03
1.590723	1.0905486426e-03
1.599609	1.0852300267e-03
1.608496	1.2047366052e-03
1.617383	1.0088456218e-03
1.626270	8.5520549446e-04
1.635156	1.1108789060e-03
1.644043	1.2288028332e-03
1.652930	1.3212262472e-03
1.661816	1.5898162619e-03
1.670703	1.6216320140e-03
1.679590	1.6997546765e-03
1.688477	1.6441162925e-03
1.697363	1.7325139633e-03
1.706250	1.6263471263e-03
1.715137	1.5140682146e-03
1.724023	1.2846765691e-03
1.732910	1.0738404815e-03
1.741797	8.7097529987e-04
1.750684	7.4079731829e-04
1.759570	7.1487415187e-04
1.768457	6.6374579695e-04
1.777344	8.2206823397e-04
1.786230	1.0495699407e-03
1.795117	1.2875729752e-03
1.804004	1.4145088518e-03
1.812891	1.4178521204e-03
1.821777	1.5452962102e-03
1.830664	1.2923704185e-03
1.839551	1.0210560620e-03
1.848437	8.9622213637e-04
1.857324	1.0232301806e-03
1.866211	6.7540196767e-04
1.875098	8.6709050597e-04
1.883984	8.6092638597e-04
1.892871	1.1441828077e-03
1.901758	1.0341962239e-03
1.910645	1.2079062281e-03
1.919531	1.2459423731e-03
1.928418	1.4869266964e-03
1.937305	1.5775114798e-03
1.946191	1.4906374804e-03
1.955078	1.4904137361e-03
1.963965	1.2791574288e-03
1.972852	1.1571892529e-03
1.981738	8.8201909563e-04
1.990625	9.2786405677e-04
1.999512	1.1877797428e-03
2.008398	1.2096330503e-03
2.017285	1.6777194642e-03
2.026172	1.9297890794e-03
2.035059	2.1904662182e-03
2.043945	1.7526360389e-03
2.052832	2.0975375097e-03
2.061719	1.6779104789e-03
2.070605	1.3116255586e-03
2.079492	1.0544780005e-03
2.088379	1.1288308245e-03
2.097266	6.6443896380e-04
2.106152	4.1422200271e-04
2.115039	4.2360086179e-04
2.123926	5.5691936264e-04
2.132812	5.9367622614e-04
2.141699	6.3840114857e-04
2.150586	9.4807940046e-04
2.159473	1.6745600666e-03
2.168359	1.9125599881e-03
2.177246	1.9922336818e-03
2.186133	2.0419774990e-03
2.195020	1.9288996107e-03
2.203906	1.1863917233e-03
2.212793	9.3951588213e-04
2.221680	7.7244331705e-04
2.230566	1.4725021337e-03
2.239453	1.9971646421e-03
2.248340	2.0061321713e-03
2.257227	1.9482417531e-03
2.266113	2.1561618533e-03
2.275000	1.6091868667e-03
2.283887	1.1303894746e-03
2.292773	1.2598542043e-03
2.301660	1.2965614225e-03
2.310547	1.1735598880e-03
2.319434	1.3525698757e-03
2.328320	1.3662031749e-03
2.337207	1.2182022539e-03
2.346094	1.3222510525e-03
2.354980	1.4128638972e-03
2.363867	1.3398732987e-03
2.372754	1.1951229974e-03
2.381641	1.4910855241e-03
2.390527	1.3325881206e-03
2.399414	1.4247930552e-03
2.408301	1.3244918748e-03
2.417187	1.2891800896e-03
2.426074	2.4221175426e-03
2.434961	2.6190709541e-03
2.443848	3.1054624271e-03
2.452734	3.1422082802e-03
2.461621	3.3658889001e-03
2.470508	2.0712070557e-03
2.479395	1.8563954696e-03
2.488281	1.2496591546e-03
2.497168	1.3085089516e-03
2.506055	1.1206291578e-03
2.514941	1.1670232913e-03
2.523828	1.2048741672e-03
2.532715	1.0888536117e-03
2.541602	9.6023699041e-04
2.550488	1.1898850841e-03
2.559375	1.4199523904e-03
2.568262	1.4775033879e-03
2.577148	1.4370794482e-03
2.586035	1.4774726069e-03
2.594922	1.3502101447e-03
2.603809	1.0331284115e-03
2.612695	1.0592355648e-03
2.621582	1.1830974831e-03
2.630469	1.1359352358e-03
2.639355	1.0880967000e-03
2.648242	9.5627833847e-04
2.657129	9.7928232425e-04
2.666016	9.9896490607e-04
2.674902	8.7542209018e-04
2.683789	7.7660258611e-04
2.692676	9.0039938438e-04
2.701563	1.0989355939e-03
2.710449	1.1866721450e-03
2.719336	1.3057120419e-03
2.728223	1.9016228808e-03
2.737109	2.9876980709e-03
2.745996	2.8393672123e-03
2.754883	3.0481002826e-03
2.763770	3.1648770998e-03
2.772656	2.7946072179e-03
2.781543	1.7738748714e-03
2.790430	1.6758525548e-03
2.799316	1.3585609723e-03
2.808203	1.2020512954e-03
2.817090	1.3890153146e-03
2.825977	1.6148875339e-03
2.834863	1.9686296497e-03
2.843750	1.9094737783e-03
2.852637	1.7694813590e-03
2.861523	1.2990056337e-03
2.870410	1.5656580604e-03
2.879297	1.5555311602e-03
2.888184	1.6286901391e-03
2.897070	1.8165552343e-03
2.905957	2.0549896107e-03
2.914844	1.6027003029e-03
2.923730	1.5168888000e-03
2.932617	1.4749406017e-03
2.941504	1.4184764024e-03
2.950391	1.3988523285e-03
2.959277	2.1043693313e-03
2.968164	1.8138331006e-03
2.977051	1.7507949709e-03
2.985937	1.6020774908e-03
2.994824	1.6310490198e-03
3.003711	8.8712142468e-04
3.012598	8.5978064503e-04
3.021484	1.1231530268e-03
3.030371	1.1425784758e-03
3.039258	1.7477166265e-03
3.048145	1.6504034051e-03
3.057031	1.8257632771e-03
3.065918	1.5967755706e-03
3.074805	1.6627037898e-03
3.083691	9.6948986805e-04
3.092578	8.9548004487e-04
3.101465	7.1402176942e-04
3.110352	6.6835563838e-04
3.119238	7.1241878069e-04
3.128125	6.9104639232e-04
3.137012	8.4830872748e-04
3.145898	8.9821519941e-04
3.154785	9.1835239284e-04
3.163672	9.6106835900e-04
3.172559	1.1054263866e-03
3.181445	1.6938281719e-03
3.190332	1.7903077929e-03
3.199219	1.8426277731e-03
3.208105	2.4902466210e-03
3.216992	2.3129172125e-03
3.225879	1.7985608174e-03
3.234766	1.7488199446e-03
3.243652	1.9344300530e-03
3.252539	1.4803614627e-03
3.261426	1.7458465489e-03
3.270313	1.6366143427e-03
3.279199	1.9420170588e-03
3.288086	1.8546226926e-03
3.296973	1.5058892398e-03
3.305859	1.3350178714e-03
3.314746	1.2813941255e-03
3.323633	8.1461850627e-04
3.332520	8.2138124523e-04
3.341406	8.7138615931e-04
3.350293	9.7480976403e-04
3.359180	1.3438411777e-03
3.368066	1.3859685222e-03
3.376953	1.3746794277e-03
3.385840	1.3653167335e-03
3.394727	1.0517774684e-03
3.403613	6.3014557325e-04
3.412500	7.1143463476e-04
3.421387	6.5584616482e-04
3.430273	1.0253480781e-03
3.439160	1.3007572177e-03
3.448047	1.3815944661e-03
3.456934	1.4211843458e-03
3.465820	1.5853606155e-03
3.474707	1.1528113744e-03
3.483594	1.1010495216e-03
3.492480	1.2013966769e-03
3.501367	1.1003961410e-03
3.510254	9.2253204174e-04
3.519141	1.1970778101e-03
3.528027	1.0310015263e-03
3.536914	1.0803598869e-03
3.545801	9.6940200380e-04
3.554688	1.0471611447e-03
3.563574	9.1759675566e-04
3.572461	1.0970958902e-03
3.581348	9.5002476931e-04
3.590234	1.1490022760e-03
3.599121	1.1585986005e-03
3.608008	1.1146507465e-03
3.616895	1.6299343807e-03
3.625781	1.7709079464e-03
3.634668	1.7577002308e-03
3.643555	1.8126801948e-03
3.652441	1.8256588811e-03
3.661328	1.0700488915e-03
3.670215	9.5736020138e-04
3.679102	7.7050786051e-04
3.687988	6.5166222880e-04
3.696875	5.4244377643e-04
3.705762	8.9642531159e-04
3.714648	7.8666715924e-04
3.723535	1.2105974801e-03
3.732422	1.1103337713e-03
3.741309	2.5626121612e-03
3.750195	2.4462311045e-03
3.759082	2.6149811531e-03
3.767969	2.2702571311e-03
3.776855	2.4545123425e-03
3.785742	1.3051234107e-03
3.794629	1.1373879166e-03
3.803516	1.1427890160e-03
3.812402	1.1185536907e-03
3.821289	1.0958475355e-03
3.830176	1.1352550539e-03
3.839063	1.2462291756e-03
3.847949	1.2393273577e-03
3.856836	1.5006275844e-03
3.865723	1.3579244596e-03
3.874609	1.1211436527e-03
3.883496	1.2479714836e-03
3.892383	1.0986719535e-03
3.901270	8.4931523551e-04
3.910156	7.7163688045e-04
3.919043	9.4933671469e-04
3.927930	6.5429337939e-04
3.936816	9.3708841718e-04
3.945703	1.0803485013e-03
3.954590	1.2434899340e-03
3.963477	1.3497618214e-03
3.972363	3.4846271926e-03
3.981250	4.5819702760e-03
3.990137	9.0228750327e-03
3.999023	1.7596552932e-02
4.007910	2.0187257980e-02
4.016797	1.8972325677e-02
4.025684	1.7560667938e-02
4.034570	1.3048790675e-02
4.043457	4.6320738139e-03
4.052344	1.9693699341e-03
4.061230	1.1819317813e-03
4.070117	1.3503091345e-03
4.079004	1.3728238050e-03
4.087891	1.1740660547e-03
4.096777	8.2822265226e-04
4.105664	7.4479621836e-04
4.114551	9.0136048755e-04
4.123437	8.6482919671e-04
4.132324	8.2141425523e-04
4.141211	1.0595338104e-03
4.150098	1.0731650425e-03
4.158984	1.1038816258e-03
4.167871	1.4770477558e-03
4.176758	1.5396418720e-03
4.185645	1.4778827465e-03
4.194531	1.6821919217e-03
4.203418	1.5958827824e-03
4.212305	1.1921618062e-03
4.221191	1.1382451764e-03
4.230078	1.0299051471e-03
4.238965	8.3363554762e-04
4.247852	8.2728367873e-04
4.256738	8.6818260550e-04
4.265625	7.8518774063e-04
4.274512	8.8420219815e-04
4.283398	1.0657023224e-03
4.292285	9.4270653850e-04
4.301172	8.5183964423e-04
4.310059	8.4274969159e-04
4.318945	7.8432466146e-04
4.327832	9.1536530853e-04
4.336719	9.8067072844e-04
4.345605	1.0778557682e-03
4.354492	1.2215122479e-03
4.363379	1.3935605971e-03
4.372266	9.6454106652e-04
4.381152	7.9319996513e-04
4.390039	7.9531189157e-04
4.398926	7.6045669615e-04
4.407813	6.9107380863e-04
4.416699	9.7198789893e-04
4.425586	1.0217914854e-03
4.434473	1.2629390965e-03
4.443359	1.1956523384e-03
4.452246	1.2606924607e-03
4.461133	1.2170562140e-03
4.470020	1.2088419077e-03
4.478906	1.2589889552e-03
4.487793	1.5728616368e-03
4.496680	1.6016518612e-03
4.505566	1.9066843312e-03
4.514453	2.0619318320e-03
4.523340	1.5622412185e-03
4.532227	1.1708357327e-03
