0.000000	1.0966817702e-01
0.061035	8.0163787582e-02
0.122070	1.3028577869e-02
0.183105	6.9750110963e-03
0.244141	4.3075060310e-03
0.305176	3.2886383009e-03
0.366211	2.7949595852e-03
0.427246	2.5784034962e-03
0.488281	2.2327386150e-03
0.549316	2.2084004720e-03
0.610352	1.8255235919e-03
0.671387	1.5724487179e-03
0.732422	1.2320420825e-03
0.793457	1.2097109861e-03
0.854492	1.1422169734e-03
0.915527	1.2876014913e-03
0.976562	1.2040209046e-03
1.037598	1.2608442912e-03
1.098633	1.2210321334e-03
1.159668	1.1265901489e-03
1.220703	1.0295086882e-03
1.281738	1.0888459137e-03
1.342773	1.0911523178e-03
1.403809	1.1152957160e-03
1.464844	9.9888713499e-04
1.525879	8.8893234151e-04
1.586914	1.0088795128e-03
1.647949	9.8135494036e-04
1.708984	7.9987364163e-04
1.770020	8.5782358184e-04
1.831055	9.0229745486e-04
1.892090	6.1834623129e-04
1.953125	5.1122567700e-04
2.014160	6.9608227866e-04
2.075195	6.1957800591e-04
2.136230	7.8305467813e-04
2.197266	7.1473028795e-04
2.258301	7.9101506558e-04
2.319336	6.1843748801e-04
2.380371	6.8731964794e-04
2.441406	5.4052544606e-04
2.502441	6.7983246465e-04
2.563477	7.3333202653e-04
2.624512	8.7290523675e-04
2.685547	9.4981262007e-04
2.746582	1.1693673557e-03
2.807617	1.2374526969e-03
2.868652	1.1242420130e-03
2.929688	1.2564857270e-03
2.990723	1.2310891580e-03
3.051758	1.0405337575e-03
3.112793	1.0612329949e-03
3.173828	1.0853421434e-03
3.234863	1.1396056044e-03
3.295898	1.1946834371e-03
3.356934	1.2280683704e-03
3.417969	1.2293888253e-03
3.479004	1.2505035801e-03
3.540039	1.1004882758e-03
3.601074	1.3924794044e-03
3.662109	1.3093638151e-03
3.723145	1.1913467138e-03
3.784180	1.2900778193e-03
3.845215	1.3875112387e-03
3.906250	1.1699335011e-03
3.967285	1.1446618859e-03
4.028320	1.1218051019e-03
4.089355	9.7661090734e-04
4.150391	7.6366076332e-04
4.211426	6.2977973509e-04
4.272461	6.4301949792e-04
4.333496	8.4127793306e-04
4.394531	8.0703645296e-04
4.455566	7.8325890972e-04
4.516602	7.0390549072e-04
4.577637	7.4817054095e-04
4.638672	7.3791999509e-04
4.699707	1.0751601622e-03
4.760742	1.1058548941e-03
4.821777	1.2085956800e-03
4.882812	1.3418240163e-03
4.943848	1.1070154696e-03
5.004883	1.0260282621e-03
5.065918	1.0447525899e-03
5.126953	1.1755072680e-03
5.187988	1.1931281756e-03
5.249023	1.3376386194e-03
5.310059	1.2432804046e-03
5.371094	1.2499093123e-03
5.432129	1.1567321612e-03
5.493164	1.1297610102e-03
5.554199	9.6521155317e-04
5.615234	9.0834802719e-04
5.676270	8.5509561735e-04
5.737305	8.4248663156e-04
5.798340	6.7980497025e-04
5.859375	8.7863713841e-04
5.920410	8.0697832335e-04
5.981445	9.6755190690e-04
6.042480	1.0393049187e-03
6.103516	1.0904108730e-03
6.164551	1.0344512880e-03
6.225586	1.2278610562e-03
6.286621	9.9443393033e-04
6.347656	8.3070416570e-04
6.408691	7.9269004013e-04
6.469727	8.3034032636e-04
6.530762	6.6554627496e-04
6.591797	9.4247776116e-04
6.652832	9.1407649879e-04
6.713867	1.3069553680e-03
6.774902	1.1505416451e-03
6.835938	1.2358662211e-03
6.896973	1.1153633066e-03
6.958008	1.3160153368e-03
7.019043	9.0938478260e-04
7.080078	8.9622555790e-04
7.141113	8.2597687748e-04
7.202148	7.3322623947e-04
7.263184	5.8007756968e-04
7.324219	7.4163271663e-04
7.385254	8.1665079553e-04
7.446289	8.5949042932e-04
7.507324	1.0575191809e-03
7.568359	1.1341658499e-03
7.629395	1.0766053621e-03
7.690430	1.0677542864e-03
7.751465	1.1059553563e-03
7.812500	8.9748725039e-04
7.873535	7.4726305035e-04
7.934570	7.5077905794e-04
7.995605	7.2784754290e-04
8.056641	7.2671018967e-04
8.117676	8.2793802835e-04
8.178711	8.2577735237e-04
8.239746	7.1877997316e-04
8.300781	9.3934032946e-04
8.361816	1.0049279094e-03
8.422852	9.1804956038e-04
8.483887	9.6751609605e-04
8.544922	1.1016857107e-03
8.605957	8.8517523303e-04
8.666992	7.4848570075e-04
8.728027	7.4395219218e-04
8.789062	7.9705062048e-04
8.850098	7.8576789978e-04
8.911133	9.5694956978e-04
8.972168	8.6551304268e-04
9.033203	9.8748628038e-04
9.094238	9.7441927411e-04
9.155273	8.5327139659e-04
9.216309	6.7192538774e-04
9.277344	6.6727702028e-04
9.338379	6.9906184690e-04
9.399414	6.5637280378e-04
9.460449	7.4279011671e-04
9.521484	7.2494565432e-04
9.582520	7.7348174729e-04
9.643555	6.7264092317e-04
9.704590	7.5860548963e-04
9.765625	6.6202644940e-04
9.826660	7.7391075894e-04
9.887695	7.5466069862e-04
9.948730	8.0223571191e-04
10.009766	8.9992659092e-04
10.070801	9.6286307042e-04
10.131836	9.9778617533e-04
10.192871	1.0053732402e-03
10.253906	1.1178877083e-03
10.314941	8.5367112005e-04
10.375977	9.0883650541e-04
10.437012	7.4181110740e-04
10.498047	8.4355422712e-04
10.559082	7.5609817038e-04
10.620117	7.6902225206e-04
10.681152	6.3866373757e-04
10.742188	6.8925586200e-04
10.803223	5.0410891654e-04
10.864258	4.3669014211e-04
10.925293	5.1329054293e-04
10.986328	6.5805840123e-04
11.047363	6.7082527392e-04
11.108398	7.8791745729e-04
11.169434	7.4686223430e-04
11.230469	7.6746078030e-04
11.291504	6.2963191774e-04
11.352539	7.8304493795e-04
11.413574	7.5472569631e-04
11.474609	7.5997340490e-04
11.535645	7.8747094959e-04
11.596680	8.2762187997e-04
11.657715	6.7541260213e-04
11.718750	6.0057119965e-04
11.779785	6.5865194236e-04
11.840820	5.6709114670e-04
11.901855	5.7243568471e-04
11.962891	5.1090509852e-04
12.023926	5.4224978429e-04
12.084961	4.7781046107e-04
12.145996	5.0631910912e-04
12.207031	4.4090634533e-04
12.268066	4.3783893193e-04
12.329102	5.0495401415e-04
12.390137	5.5940988200e-04
12.451172	5.9372929324e-04
12.512207	7.6965683889e-04
12.573242	7.9434968677e-04
12.634277	7.4872888637e-04
12.695312	7.1828043127e-04
12.756348	7.3296997936e-04
12.817383	8.4318682956e-04
12.878418	9.7568022774e-04
12.939453	1.0744395726e-03
13.000488	1.2318174993e-03
13.061523	1.2149141771e-03
13.122559	1.0770024423e-03
13.183594	1.0432373285e-03
13.244629	9.0899267655e-04
13.305664	8.2073631946e-04
13.366699	7.7279377873e-04
13.427734	6.3054467513e-04
13.488770	6.1491389372e-04
13.549805	7.4689266218e-04
13.610840	6.7926305141e-04
13.671875	6.6709972933e-04
13.732910	7.8302440874e-04
13.793945	6.3093150120e-04
13.854980	5.9405423406e-04
13.916016	5.6477039028e-04
13.977051	7.1309227995e-04
14.038086	6.3730468633e-04
14.099121	6.9490071691e-04
14.160156	7.7466474845e-04
14.221191	1.0370349097e-03
14.282227	9.3956770284e-04
14.343262	1.0959144981e-03
14.404297	1.0917823302e-03
14.465332	1.1819394083e-03
14.526367	9.7859012654e-04
14.587402	1.0352007314e-03
14.648438	8.4088965868e-04
14.709473	9.0013414145e-04
14.770508	9.3221717269e-04
14.831543	9.0076988393e-04
14.892578	8.7283338339e-04
14.953613	1.1126850079e-03
15.014648	1.0370404236e-03
15.075684	8.2010295266e-04
15.136719	8.4704758183e-04
15.197754	8.4531962015e-04
15.258789	6.6917457695e-04
15.319824	7.2964084299e-04
15.380859	8.0357487149e-04
15.441895	1.0293917379e-03
15.502930	1.0094533022e-03
15.563965	1.1739969206e-03
15.625000	1.3394772696e-03
15.686035	1.2389718900e-03
15.747070	9.6079776686e-04
15.808105	8.9601622460e-04
15.869141	8.8273542680e-04
15.930176	8.9048330920e-04
15.991211	8.6543968146e-04
16.052246	1.2150289536e-03
16.113281	1.4793177244e-03
16.174316	1.2734501122e-03
16.235352	1.0891468153e-03
16.296387	1.1890526765e-03
16.357422	8.7574315517e-04
16.418457	9.0734493037e-04
16.479492	9.4168758598e-04
16.540527	1.0720718833e-03
16.601562	1.0203847607e-03
16.662598	9.5827149333e-04
16.723633	6.9475684674e-04
16.784668	7.7080494603e-04
16.845703	8.4592596153e-04
16.906738	8.5078482636e-04
16.967773	8.9706239820e-04
17.028809	9.8533222859e-04
17.089844	9.0465500239e-04
17.150879	9.3402580534e-04
17.211914	1.1624312294e-03
17.272949	1.1209173503e-03
17.333984	1.3827796478e-03
17.395020	1.4403643468e-03
17.456055	1.2172270090e-03
17.517090	9.9376277646e-04
17.578125	1.0514256814e-03
17.639160	6.7541485592e-04
17.700195	7.7291655984e-04
17.761230	7.2473482585e-04
17.822266	1.0315690723e-03
17.883301	1.1277307926e-03
17.944336	1.2215776033e-03
18.005371	1.1699651306e-03
18.066406	1.2914360475e-03
18.127441	1.1044791257e-03
18.188477	1.0721412878e-03
18.249512	1.0185310293e-03
18.310547	9.8260688516e-04
18.371582	8.7797093901e-04
18.432617	8.1356717487e-04
18.493652	8.2108650368e-04
18.554688	7.8226048165e-04
18.615723	6.8368832050e-04
18.676758	1.0927827516e-03
18.737793	9.6972446390e-04
18.798828	9.1286324720e-04
18.859863	1.0901672175e-03
18.920898	1.2116877973e-03
18.981934	1.1331982665e-03
19.042969	1.1523907569e-03
19.104004	1.1977648312e-03
19.165039	1.0868278623e-03
19.226074	9.3972099754e-04
19.287109	6.0462917419e-04
19.348145	6.4031308461e-04
19.409180	5.2853773388e-04
19.470215	5.7231736185e-04
19.531250	5.9682419941e-04
19.592285	5.4213815020e-04
19.653320	5.0147627015e-04
19.714355	5.8516019844e-04
19.775391	5.1419361041e-04
19.836426	6.3898597730e-04
19.897461	8.2030432501e-04
19.958496	1.0380062807e-03
20.019531	1.0283756961e-03
20.080566	1.0001498846e-03
20.141602	9.2612016983e-04
20.202637	8.8736674629e-04
20.263672	7.8516595242e-04
20.324707	7.2614170939e-04
20.385742	7.3395540659e-04
20.446777	6.9516180692e-04
20.507812	7.0062282647e-04
20.568848	6.2645265497e-04
20.629883	6.4627826754e-04
20.690918	6.6277348115e-04
20.751953	6.6946958005e-04
20.812988	5.9017868396e-04
20.874023	6.2004041121e-04
20.935059	6.0416611994e-04
20.996094	5.4935735522e-04
21.057129	6.1483126136e-04
21.118164	5.9309809692e-04
21.179199	6.1821197762e-04
21.240234	6.2337028738e-04
21.301270	7.1109834845e-04
21.362305	7.5638104084e-04
21.423340	8.8899518914e-04
21.484375	8.8114982146e-04
21.545410	9.1927370791e-04
21.606445	8.1391608280e-04
21.667480	8.0410114737e-04
21.728516	6.5634871378e-04
21.789551	5.8729120392e-04
21.850586	6.1263414714e-04
21.911621	7.2685727007e-04
21.972656	6.0406602614e-04
22.033691	6.0333555809e-04
22.094727	7.3235417673e-04
22.155762	6.1816256080e-04
22.216797	5.9622154192e-04
22.277832	7.4575293902e-04
22.338867	7.6672030525e-04
22.399902	6.1615958734e-04
22.460938	9.0288321621e-04
22.521973	8.7018920870e-04
22.583008	6.9329699963e-04
22.644043	7.9727879496e-04
22.705078	8.6684872236e-04
22.766113	7.1103382938e-04
22.827148	7.8272182609e-04
22.888184	8.8764181900e-04
22.949219	7.8358600478e-04
23.010254	7.9667763819e-04
23.071289	7.0340686273e-04
23.132324	6.3417251867e-04
23.193359	5.7372860196e-04
23.254395	5.5905579516e-04
23.315430	6.1938151213e-04
23.376465	6.5367936733e-04
23.437500	6.7210536513e-04
23.498535	7.1312273721e-04
23.559570	7.0646299735e-04
23.620605	5.9564744986e-04
23.681641	6.3483294260e-04
23.742676	6.7353230500e-04
23.803711	8.7563398183e-04
23.864746	8.9774475017e-04
23.925781	9.2646498216e-04
23.986816	8.9862453140e-04
24.047852	9.2227458879e-04
24.108887	7.6127315468e-04
24.169922	8.2115392081e-04
24.230957	7.9405895616e-04
24.291992	7.8320211964e-04
24.353027	8.1237907726e-04
24.414062	7.2969620963e-04
24.475098	6.7445106149e-04
24.536133	6.4780107142e-04
24.597168	6.1894998923e-04
24.658203	4.3534993582e-04
24.719238	4.8831730081e-04
24.780273	5.2406879656e-04
24.841309	6.0344257378e-04
24.902344	7.9357200921e-04
24.963379	8.7770312587e-04
25.024414	9.5471334058e-04
25.085449	9.4741460195e-04
25.146484	8.9928548833e-04
25.207520	6.6604920449e-04
25.268555	6.3438757282e-04
25.329590	6.1527557295e-04
25.390625	6.7946242275e-04
25.451660	7.5760946727e-04
25.512695	8.5169407379e-04
25.573730	9.7962753513e-04
25.634766	9.0270130018e-04
25.695801	7.9807789050e-04
25.756836	7.8443677996e-04
25.817871	8.1202631089e-04
25.878906	7.1760518213e-04
25.939941	7.9323816391e-04
26.000977	7.3401724601e-04
26.062012	8.7149473015e-04
26.123047	7.5329258314e-04
26.184082	7.0232639576e-04
26.245117	6.5186579981e-04
26.306152	8.7611637414e-04
26.367188	8.1262571455e-04
26.428223	8.3246086579e-04
26.489258	8.4756916063e-04
26.550293	7.9711557203e-04
26.611328	6.7513514548e-04
26.672363	7.0197279812e-04
26.733398	6.6090384276e-04
26.794434	6.8998336756e-04
26.855469	7.6703107992e-04
26.916504	7.5743340372e-04
26.977539	9.8244818381e-04
27.038574	1.2785111396e-03
27.099609	1.4819307538e-03
27.160645	1.6834151461e-03
27.221680	1.6890449395e-03
27.282715	1.5640468934e-03
27.343750	1.4438934070e-03
27.404785	1.5529719254e-03
27.465820	1.3871901468e-03
27.526855	1.4426001360e-03
27.587891	1.1378884069e-03
27.648926	1.0983400470e-03
27.709961	7.9701954336e-04
27.770996	6.9346627719e-04
27.832031	7.6700144058e-04
27.893066	9.3630988725e-04
27.954102	1.0634610275e-03
28.015137	1.0933413932e-03
28.076172	1.2381780391e-03
28.137207	1.0765946620e-03
28.198242	1.1214588558e-03
28.259277	8.8837872068e-04
28.320312	1.0159029474e-03
28.381348	8.4006315681e-04
28.442383	9.9104986134e-04
28.503418	9.0254404001e-04
28.564453	9.8541893662e-04
28.625488	8.4018734475e-04
28.686523	9.7708821775e-04
28.747559	8.5780398720e-04
28.808594	7.6924879615e-04
28.869629	7.6897636369e-04
28.930664	9.6505457068e-04
28.991699	1.1163385163e-03
29.052734	1.1517445501e-03
29.113770	1.1557629607e-03
29.174805	1.2517114075e-03
29.235840	1.0973953197e-03
29.296875	1.0208058136e-03
29.357910	1.0081480131e-03
29.418945	1.2289719420e-03
29.479980	1.1849440145e-03
29.541016	1.4837536382e-03
29.602051	1.2807172123e-03
29.663086	1.6135358310e-03
29.724121	1.3702274875e-03
29.785156	1.3528440911e-03
29.846191	1.1140883534e-03
29.907227	1.3484559362e-03
29.968262	1.0641682547e-03
30.029297	1.3238266713e-03
30.090332	1.3701946853e-03
30.151367	1.6810871385e-03
30.212402	1.4929157600e-03
30.273438	1.7506546073e-03
30.334473	1.5217346052e-03
30.395508	1.4528402472e-03
30.456543	1.9093273511e-03
30.517578	2.2808147772e-03
30.578613	2.0608077114e-03
30.639648	2.2092597929e-03
30.700684	2.5671858821e-03
30.761719	1.9068722085e-03
30.822754	2.1377369104e-03
30.883789	2.1625637638e-03
30.944824	2.0723320154e-03
31.005859	1.8123014777e-03
31.066895	1.8499740244e-03
31.127930	1.5469461464e-03
31.188965	1.6140938717e-03
31.250000	2.0580339119e-03
31.311035	2.0900555214e-03
31.372070	1.9939776664e-03
31.433105	1.7869135161e-03
31.494141	1.9775719108e-03
31.555176	1.4617419891e-03
31.616211	1.7722909848e-03
31.677246	2.8725677532e-03
31.738281	3.2150290471e-03
31.799316	3.3972255806e-03
31.860352	4.2562727123e-03
31.921387	3.7870711116e-03
31.982422	2.6410477283e-03
32.043457	2.3291249444e-03
32.104492	1.9143067554e-03
32.165527	1.3830501027e-03
32.226562	1.5252492534e-03
32.287598	1.6953748246e-03
32.348633	1.6500185496e-03
32.409668	1.6069898253e-03
32.470703	1.4686604817e-03
32.531738	1.8731784338e-03
32.592773	1.6578229782e-03
32.653809	1.8953691355e-03
32.714844	2.1571725995e-03
32.775879	2.1156856343e-03
32.836914	1.8494818412e-03
32.897949	1.9243497886e-03
32.958984	1.9715911039e-03
33.020020	1.6777558825e-03
33.081055	1.8710184705e-03
33.142090	1.7293216851e-03
33.203125	1.9093873528e-03
33.264160	1.7463455308e-03
33.325195	2.2314599315e-03
33.386230	2.5883789546e-03
33.447266	2.6299672888e-03
33.508301	2.5910557513e-03
33.569336	3.0177362858e-03
33.630371	2.7124974866e-03
33.691406	2.4274386064e-03
33.752441	2.4966740640e-03
33.813477	2.4672717605e-03
33.874512	1.9658330802e-03
33.935547	2.5499961594e-03
33.996582	2.6043930220e-03
34.057617	2.4432305570e-03
34.118652	2.3605791129e-03
34.179688	2.4361163642e-03
34.240723	1.7013296754e-03
34.301758	1.3737323267e-03
34.362793	1.3621779623e-03
34.423828	1.4974294022e-03
34.484863	1.6000448931e-03
34.545898	1.5706982933e-03
34.606934	1.5028721971e-03
34.667969	1.5254802782e-03
34.729004	1.2973229487e-03
34.790039	1.2204448680e-03
34.851074	1.5138355846e-03
34.912109	1.6241819999e-03
34.973145	1.5953503984e-03
35.034180	1.9847880699e-03
35.095215	1.8231190306e-03
35.156250	1.5593026229e-03
35.217285	1.4693975205e-03
35.278320	1.6135636747e-03
35.339355	1.0845448226e-03
35.400391	1.2390718832e-03
35.461426	1.1559442082e-03
35.522461	1.1684924335e-03
35.583496	9.4567630836e-04
35.644531	1.1686202672e-03
35.705566	9.1963910077e-04
35.766602	9.6196223703e-04
35.827637	9.8942134608e-04
35.888672	1.2443572858e-03
35.949707	1.4152832138e-03
36.010742	1.8575549797e-03
36.071777	1.9805733327e-03
36.132812	2.0657994978e-03
36.193848	2.2340986195e-03
36.254883	2.1902105249e-03
36.315918	2.1301954632e-03
36.376953	2.1054017568e-03
36.437988	1.8543932823e-03
36.499023	1.5907733126e-03
36.560059	1.2314423737e-03
36.621094	9.9263777105e-04
36.682129	8.9312230185e-04
36.743164	9.4692733046e-04
36.804199	7.8393935516e-04
36.865234	1.1082193200e-03
36.926270	1.3399576762e-03
36.987305	1.3750640182e-03
37.048340	1.4627911224e-03
37.109375	1.5005900263e-03
37.170410	1.3049046201e-03
37.231445	1.0089682294e-03
37.292480	1.0195594464e-03
37.353516	1.0781565449e-03
37.414551	1.3926288967e-03
37.475586	1.3554502435e-03
37.536621	1.5479048720e-03
37.597656	1.5158379721e-03
37.658691	1.7068162894e-03
37.719727	1.5154834917e-03
37.780762	1.6483369551e-03
37.841797	1.4379534323e-03
37.902832	1.5578186521e-03
37.963867	1.3710570862e-03
38.024902	1.5648660196e-03
38.085938	1.5122048306e-03
38.146973	1.6532760022e-03
38.208008	1.5242089390e-03
38.269043	1.4603801873e-03
38.330078	1.2280545894e-03
38.391113	1.1741629759e-03
38.452148	1.1025316191e-03
38.513184	1.2728228058e-03
38.574219	1.1668768521e-03
38.635254	1.2159223040e-03
38.696289	1.5963735920e-03
38.757324	1.4891788759e-03
38.818359	1.3213481598e-03
38.879395	1.3562768211e-03
38.940430	1.4806720827e-03
39.001465	1.1631051896e-03
39.062500	1.8845962099e-03
39.123535	2.1695951018e-03
39.184570	3.0154173133e-03
39.245605	3.3869118557e-03
39.306641	3.3053023384e-03
39.367676	3.4750265034e-03
39.428711	3.0412170073e-03
39.489746	2.1742382456e-03
39.550781	1.7144421706e-03
39.611816	1.6539097464e-03
39.672852	7.1657481862e-04
39.733887	8.3929564534e-04
39.794922	1.0868867616e-03
39.855957	9.3659180780e-04
39.916992	1.1670245078e-03
39.978027	1.4142028286e-03
40.039062	1.3167776094e-03
40.100098	1.3038002052e-03
40.161133	1.3798299313e-03
40.222168	1.1913617948e-03
40.283203	1.2646265255e-03
40.344238	1.4531593066e-03
40.405273	1.2419940121e-03
40.466309	1.2316895319e-03
40.527344	1.5913695789e-03
40.588379	1.3712661152e-03
40.649414	1.3310907581e-03
40.710449	1.5122515102e-03
40.771484	1.4215307066e-03
40.832520	1.1487175517e-03
40.893555	1.1678996263e-03
40.954590	1.1935930528e-03
41.015625	1.2743580429e-03
41.076660	1.4149848397e-03
41.137695	1.4198459412e-03
41.198730	1.4568235459e-03
41.259766	1.3322959696e-03
41.320801	1.1223592843e-03
41.381836	1.0791952389e-03
41.442871	1.0280122160e-03
41.503906	9.0718163406e-04
41.564941	1.1713232710e-03
41.625977	1.1489245035e-03
41.687012	9.8234197973e-04
41.748047	8.3750403463e-04
41.809082	9.1640452731e-04
41.870117	6.2421394130e-04
41.931152	8.6537452497e-04
41.992188	9.5550498275e-04
42.053223	1.1977785618e-03
42.114258	1.2609890240e-03
42.175293	1.3197474197e-03
42.236328	1.4807707798e-03
42.297363	1.7300835338e-03
42.358398	2.0717862113e-03
42.419434	2.0306246804e-03
42.480469	2.1936386100e-03
42.541504	2.4480629128e-03
42.602539	2.6729477169e-03
42.663574	2.8278461150e-03
42.724609	3.0166671822e-03
42.785645	2.9883194421e-03
42.846680	2.4642829702e-03
42.907715	2.0665630580e-03
42.968750	1.4440303980e-03
43.029785	1.1782861538e-03
43.090820	1.1206650049e-03
43.151855	9.7682557305e-04
43.212891	8.6348760140e-04
43.273926	8.1299284142e-04
43.334961	1.0458309618e-03
43.395996	9.7560141314e-04
43.457031	9.4054443108e-04
43.518066	8.5534174066e-04
43.579102	8.5223728834e-04
43.640137	8.6113249820e-04
43.701172	7.9189850571e-04
43.762207	9.2628436127e-04
43.823242	1.1289802964e-03
43.884277	1.0899365952e-03
43.945312	1.0641719705e-03
44.006348	1.3705615726e-03
44.067383	1.3168393570e-03
44.128418	1.2386020349e-03
44.189453	1.3872043197e-03
44.250488	1.8228440371e-03
44.311523	1.5034984738e-03
44.372559	1.8169363271e-03
44.433594	1.7047165603e-03
44.494629	2.0303108604e-03
44.555664	1.5634594273e-03
44.616699	1.7319007801e-03
44.677734	1.5668195071e-03
44.738770	1.6779928244e-03
44.799805	1.5061510676e-03
44.860840	1.2485032243e-03
44.921875	1.3550829329e-03
44.982910	1.1146728605e-03
45.043945	1.4060230652e-03
45.104980	1.4440513338e-03
45.166016	1.8099548387e-03
45.227051	1.8800810932e-03
45.288086	1.8497100070e-03
45.349121	1.6674844818e-03
45.410156	1.5661376746e-03
45.471191	1.3472404090e-03
45.532227	1.1903836627e-03
45.593262	1.3134730109e-03
45.654297	1.9050048567e-03
45.715332	1.7551031997e-03
45.776367	1.9923126537e-03
45.837402	2.3270254312e-03
45.898438	2.4785833878e-03
45.959473	1.6652462819e-03
46.020508	1.7664651018e-03
46.081543	1.9756831175e-03
46.142578	1.6023577774e-03
46.203613	1.4306769900e-03
46.264648	1.5515400661e-03
46.325684	1.5546559553e-03
46.386719	1.1549955244e-03
46.447754	1.0771936488e-03
46.508789	1.7185135800e-03
46.569824	1.9430012054e-03
46.630859	2.2618849467e-03
46.691895	2.4255119681e-03
46.752930	2.8786660750e-03
46.813965	2.7119647555e-03
46.875000	3.1506503833e-03
46.936035	3.0619291720e-03
46.997070	2.9260386695e-03
47.058105	2.4648662146e-03
47.119141	1.9742564302e-03
47.180176	1.3933878731e-03
47.241211	1.5310400705e-03
47.302246	1.5323003645e-03
47.363281	1.6679922538e-03
47.424316	1.6081239307e-03
47.485352	1.5288880553e-03
47.546387	1.3360977273e-03
47.607422	1.6457149454e-03
47.668457	1.5910176024e-03
47.729492	1.6853643809e-03
47.790527	1.9741760834e-03
47.851562	2.4266148353e-03
47.912598	1.9487536503e-03
47.973633	2.0762256011e-03
48.034668	2.4011019042e-03
48.095703	2.2367538085e-03
48.156738	1.8675849708e-03
48.217773	2.2614486251e-03
48.278809	2.5993866756e-03
48.339844	2.7295141057e-03
48.400879	2.7386397119e-03
48.461914	2.6290043003e-03
48.522949	2.4555953585e-03
48.583984	2.0214510550e-03
48.645020	1.8612161653e-03
48.706055	1.8024945778e-03
48.767090	1.5394287053e-03
48.828125	1.4201543028e-03
48.889160	1.2658424142e-03
48.950195	1.2872575621e-03
49.011230	1.2621052921e-03
49.072266	1.6043870200e-03
49.133301	1.5053314508e-03
49.194336	1.9168614476e-03
49.255371	1.7148349229e-03
49.316406	1.8197958225e-03
49.377441	1.7213088074e-03
49.438477	1.9731524665e-03
49.499512	2.2963523471e-03
49.560547	3.0516028309e-03
49.621582	3.6603971835e-03
49.682617	4.5304764239e-02
49.743652	8.5026500933e-02
49.804688	8.5700697360e-02
49.865723	8.5507417394e-02
49.926758	8.5007077767e-02
49.987793	4.3610371041e-02
50.048828	3.8503441140e-03
50.109863	2.8456243159e-03
50.170898	2.2699821578e-03
50.231934	2.0754874389e-03
50.292969	1.5147807393e-03
50.354004	1.4528249238e-03
50.415039	1.2256444645e-03
50.476074	1.2460204763e-03
50.537109	1.3119831904e-03
50.598145	1.7398842657e-03
50.659180	1.7911792866e-03
50.720215	1.8438622142e-03
50.781250	1.8259588574e-03
50.842285	1.9068943836e-03
50.903320	2.2113653501e-03
50.964355	2.2053939673e-03
51.025391	2.3205058892e-03
51.086426	2.2946455194e-03
51.147461	2.1269400635e-03
51.208496	1.6413763555e-03
51.269531	1.5118529515e-03
51.330566	1.2683132567e-03
51.391602	1.0985890497e-03
51.452637	1.0106685143e-03
51.513672	7.8246994911e-04
51.574707	8.7848129510e-04
51.635742	1.0295626500e-03
51.696777	1.0141096708e-03
51.757812	1.0618356015e-03
51.818848	1.3162323334e-03
51.879883	1.2956030279e-03
51.940918	1.2102685228e-03
52.001953	1.5212105773e-03
52.062988	1.6745410636e-03
52.124023	1.4745838849e-03
52.185059	1.4681758066e-03
52.246094	1.4449028810e-03
52.307129	1.4422544308e-03
52.368164	1.4231263174e-03
52.429199	1.4327990912e-03
52.490234	1.4351875170e-03
52.551270	1.3536738168e-03
52.612305	1.3663249882e-03
52.673340	1.2867984784e-03
52.734375	1.4948727142e-03
52.795410	1.7063618822e-03
52.856445	1.8303331926e-03
52.917480	1.8430973245e-03
52.978516	2.0175164845e-03
53.039551	1.8587509297e-03
53.100586	1.6249287471e-03
53.161621	1.5835790162e-03
53.222656	1.4532216096e-03
53.283691	1.2068189158e-03
53.344727	1.3061454685e-03
53.405762	1.3660392101e-03
53.466797	1.2674482384e-03
53.527832	1.1370166058e-03
53.588867	1.4622984735e-03
53.649902	1.2985823382e-03
53.710938	1.1276187490e-03
53.771973	1.0952868370e-03
53.833008	1.0731568763e-03
53.894043	7.2133568012e-04
53.955078	7.4320057736e-04
54.016113	1.2243496079e-03
54.077148	1.5618346892e-03
54.138184	1.9478455423e-03
54.199219	2.9534825172e-03
54.260254	3.0071955435e-03
54.321289	3.3866981577e-03
54.382324	3.0836881190e-03
54.443359	2.9199098247e-03
54.504395	1.7914406714e-03
54.565430	1.6843847905e-03
54.626465	9.8792987050e-04
54.687500	1.0268114919e-03
54.748535	8.4526370426e-04
54.809570	1.1074207174e-03
54.870605	1.2453818039e-03
54.931641	1.3117969456e-03
54.992676	1.2928638887e-03
55.053711	1.2253033698e-03
55.114746	1.3630990492e-03
55.175781	1.2995370173e-03
55.236816	1.2208605920e-03
55.297852	1.2321425082e-03
55.358887	1.1915637384e-03
55.419922	9.5633135126e-04
55.480957	1.1131245707e-03
55.541992	1.0539409158e-03
55.603027	1.1445518659e-03
55.664062	1.2019561366e-03
55.725098	1.2421193659e-03
55.786133	1.0604229532e-03
55.847168	1.2242288630e-03
55.908203	1.3951375065e-03
55.969238	1.5350489349e-03
56.030273	1.8108084169e-03
56.091309	2.1020016444e-03
56.152344	2.1979926132e-03
56.213379	1.9688756047e-03
56.274414	2.0664843986e-03
56.335449	1.9649946970e-03
56.396484	1.7992009039e-03
56.457520	1.4933568706e-03
56.518555	1.3785175344e-03
56.579590	1.4387969804e-03
56.640625	1.2482780903e-03
56.701660	1.2131335995e-03
56.762695	1.3424644829e-03
56.823730	1.3952317218e-03
56.884766	1.0911868523e-03
56.945801	9.7502656230e-04
57.006836	8.3998869798e-04
57.067871	6.3941962689e-04
57.128906	6.0282357140e-04
57.189941	6.6869516067e-04
57.250977	6.2059276536e-04
57.312012	6.1847320833e-04
57.373047	6.2668117484e-04
57.434082	8.5720233377e-04
57.495117	8.4086090346e-04
57.556152	1.0080085765e-03
57.617188	1.0333909825e-03
57.678223	1.1554541691e-03
57.739258	1.0013838635e-03
57.800293	9.5470707615e-04
57.861328	1.0843193706e-03
57.922363	1.3024605127e-03
57.983398	1.3127628629e-03
58.044434	1.4946564321e-03
58.105469	1.7684908718e-03
58.166504	1.5057472065e-03
58.227539	1.2062120269e-03
58.288574	1.0265197230e-03
58.349609	8.6673749835e-04
58.410645	7.2977451953e-04
58.471680	7.5074197179e-04
58.532715	8.3091129972e-04
58.593750	1.0522389670e-03
58.654785	1.0226174391e-03
58.715820	1.0006495772e-03
58.776855	1.5050266477e-03
58.837891	1.5774852362e-03
58.898926	1.5622465647e-03
58.959961	1.7827665229e-03
59.020996	1.6646392862e-03
59.082031	1.6092532494e-03
59.143066	1.7946926489e-03
59.204102	1.6645662879e-03
59.265137	1.5139863108e-03
59.326172	1.4820853021e-03
59.387207	1.1904918817e-03
59.448242	1.0941503021e-03
59.509277	1.1109063964e-03
59.570312	9.9060821562e-04
59.631348	1.0943197999e-03
59.692383	1.3916903779e-03
59.753418	1.3051003455e-03
59.814453	1.2625863774e-03
59.875488	1.3916646919e-03
59.936523	1.2934409737e-03
59.997559	8.8344833500e-04
60.058594	8.9238190308e-04
60.119629	9.9128586795e-04
60.180664	9.7571918913e-04
60.241699	9.8924932136e-04
60.302734	1.5075618773e-03
60.363770	1.4826663564e-03
60.424805	1.6122997090e-03
60.485840	1.5298105006e-03
60.546875	1.7399179975e-03
60.607910	1.3098442435e-03
60.668945	1.5949584899e-03
60.729980	1.8439475970e-03
60.791016	1.8340263031e-03
60.852051	1.6016419075e-03
60.913086	1.4502245547e-03
60.974121	1.2459526763e-03
61.035156	8.9906686013e-04
61.096191	1.0596077811e-03
61.157227	1.1137673715e-03
61.218262	1.2325684879e-03
61.279297	1.5179647933e-03
61.340332	1.5903329922e-03
61.401367	1.3570390391e-03
61.462402	1.3729703177e-03
61.523438	1.3877430140e-03
61.584473	9.9714053227e-04
61.645508	1.5301056788e-03
61.706543	1.7695237476e-03
61.767578	2.1761184128e-03
61.828613	2.4527422620e-03
61.889648	2.4835890449e-03
61.950684	1.8785763542e-03
62.011719	1.8180595262e-03
62.072754	1.4816897921e-03
62.133789	1.2274475512e-03
62.194824	1.2709775604e-03
62.255859	1.5335215070e-03
62.316895	1.5539995051e-03
62.377930	1.5563131223e-03
62.438965	1.8038972642e-03
62.500000	1.8494931660e-03
62.561035	1.5158758127e-03
62.622070	1.6050487694e-03
62.683105	1.6797921697e-03
62.744141	1.3881547830e-03
62.805176	1.4107069463e-03
62.866211	1.5401076737e-03
62.927246	1.3555162205e-03
62.988281	1.5139534421e-03
63.049316	1.9361682077e-03
63.110352	1.8885800548e-03
63.171387	2.0268437039e-03
63.232422	2.3698049100e-03
63.293457	2.2350011078e-03
63.354492	2.1827851643e-03
63.415527	2.5434283575e-03
63.476562	2.2534397038e-03
63.537598	2.7849759894e-03
63.598633	2.6576268918e-03
63.659668	2.3265922869e-03
63.720703	1.9457911525e-03
63.781738	1.9397390186e-03
63.842773	9.5227498219e-04
63.903809	8.5859675126e-04
63.964844	1.2808293487e-03
64.025879	1.2970313136e-03
64.086914	2.1786816942e-03
64.147949	2.2486102912e-03
64.208984	2.5732724953e-03
64.270020	2.4312487437e-03
64.331055	2.5153514503e-03
64.392090	1.6257976181e-03
64.453125	2.0611627731e-03
64.514160	1.8929797536e-03
64.575195	1.6138420762e-03
64.636230	1.8996140260e-03
64.697266	2.1434193948e-03
64.758301	1.7786815804e-03
64.819336	1.6723752027e-03
64.880371	1.6697498117e-03
64.941406	1.1811626843e-03
65.002441	1.4642142644e-03
65.063477	1.5730152020e-03
65.124512	1.9527606986e-03
65.185547	2.1964579365e-03
65.246582	2.4573059120e-03
65.307617	2.5586699539e-03
65.368652	2.5784338781e-03
65.429688	2.5027117971e-03
65.490723	2.5689958485e-03
65.551758	2.8540894476e-03
65.612793	2.3693593127e-03
65.673828	2.3929438344e-03
65.734863	2.0899177010e-03
65.795898	1.9794897491e-03
65.856934	1.8685998387e-03
65.917969	2.0164466605e-03
65.979004	2.6476156236e-03
66.040039	3.4112274213e-03
66.101074	3.5537020249e-03
66.162109	3.4789285758e-03
66.223145	3.8007282238e-03
66.284180	3.0315202887e-03
66.345215	2.3578647848e-03
66.406250	2.2663104871e-03
66.467285	2.2492356747e-03
66.528320	2.1479724478e-03
66.589355	2.5759472755e-03
66.650391	2.4009513074e-03
66.711426	2.3992390323e-03
66.772461	2.2066889003e-03
66.833496	1.8168382970e-03
66.894531	2.0823976214e-03
66.955566	2.4253026178e-03
67.016602	2.1485340474e-03
67.077637	2.4188223770e-03
67.138672	2.4772441500e-03
67.199707	2.0646507217e-03
67.260742	2.0022538974e-03
67.321777	2.0552234470e-03
67.382812	1.9590537621e-03
67.443848	2.0315107686e-03
67.504883	1.8123437417e-03
67.565918	1.8570148332e-03
67.626953	1.9827854131e-03
67.687988	2.2361197711e-03
67.749023	3.7768468378e-03
67.810059	3.8419458495e-03
67.871094	3.7715321108e-03
67.932129	3.6827264446e-03
67.993164	3.2999111460e-03
68.054199	2.5492652731e-03
68.115234	2.4199915550e-03
68.176270	2.7420338638e-03
68.237305	2.8980728327e-03
68.298340	2.7554260076e-03
68.359375	1.9337451599e-03
68.420410	2.0103206220e-03
68.481445	1.7371032416e-03
68.542480	1.9043634287e-03
68.603516	2.3795110459e-03
68.664551	2.2677255078e-03
68.725586	2.3112987946e-03
68.786621	2.1865542233e-03
68.847656	2.4114392172e-03
68.908691	2.5058061305e-03
68.969727	2.5176976759e-03
69.030762	2.5256212893e-03
69.091797	2.8206944514e-03
69.152832	2.1384680242e-03
69.213867	1.8404226103e-03
69.274902	2.0877189071e-03
69.335938	1.9591677292e-03
69.396973	1.9159461794e-03
69.458008	2.1886928196e-03
69.519043	2.1553982455e-03
69.580078	1.8807916470e-03
69.641113	1.8479747163e-03
69.702148	1.6183496106e-03
69.763184	1.2978643698e-03
69.824219	1.0856427849e-03
69.885254	1.0516014558e-03
69.946289	1.1362704282e-03
70.007324	1.0010941635e-03
70.068359	1.1860287000e-03
70.129395	1.3072799944e-03
70.190430	1.3478395859e-03
70.251465	1.2265376904e-03
70.312500	1.3069857751e-03
70.373535	1.2481028658e-03
70.434570	1.0543108684e-03
70.495605	1.1793850567e-03
70.556641	1.2781208038e-03
70.617676	1.2283202218e-03
70.678711	1.1622242548e-03
70.739746	1.3472145231e-03
70.800781	1.0855299993e-03
70.861816	1.3092576482e-03
70.922852	1.4417406559e-03
70.983887	1.5858563918e-03
71.044922	1.4163802624e-03
71.105957	1.6543243528e-03
71.166992	1.2247781279e-03
71.228027	1.1658085602e-03
71.289062	1.0259461921e-03
71.350098	9.1504107296e-04
71.411133	1.1515449857e-03
71.472168	1.3098367993e-03
71.533203	1.3155736478e-03
71.594238	1.3344830229e-03
71.655273	1.4992589969e-03
71.716309	1.2085110135e-03
71.777344	1.0665339027e-03
71.838379	9.0242816790e-04
71.899414	9.9960701599e-04
71.960449	1.3243070740e-03
72.021484	1.2893827018e-03
72.082520	1.5455435976e-03
72.143555	1.7530381557e-03
72.204590	1.7204218531e-03
72.265625	1.2958709126e-03
72.326660	1.3384045688e-03
72.387695	1.2204231944e-03
72.448730	1.0868570588e-03
72.509766	1.1749052490e-03
72.570801	1.3774271893e-03
72.631836	1.2506576600e-03
72.692871	1.1318117294e-03
72.753906	1.1055001084e-03
72.814941	8.7808988153e-04
72.875977	6.6946436536e-04
72.937012	6.6039194223e-04
72.998047	6.6892376010e-04
73.059082	6.4877577769e-04
73.120117	6.0516554772e-04
73.181152	6.9310624865e-04
73.242188	6.3806174631e-04
73.303223	7.7596113428e-04
73.364258	7.6604329725e-04
73.425293	8.5995863809e-04
73.486328	8.6060445350e-04
73.547363	8.9343655487e-04
73.608398	7.6039717151e-04
73.669434	9.6113563296e-04
73.730469	9.1680092475e-04
73.791504	9.9218476476e-04
73.852539	9.6908049292e-04
73.913574	1.1785128127e-03
73.974609	8.6838821803e-04
74.035645	9.3724503105e-04
74.096680	8.6973089200e-04
74.157715	8.4559699777e-04
74.218750	6.2640229634e-04
74.279785	6.5877739546e-04
74.340820	5.9022153957e-04
74.401855	5.8245374869e-04
74.462891	5.6070437644e-04
74.523926	5.3025005334e-04
74.584961	5.4704855955e-04
74.645996	5.2976861465e-04
74.707031	5.8354073192e-04
74.768066	5.9971587449e-04
74.829102	6.9289962430e-04
74.890137	7.4824656569e-04
74.951172	8.9012017460e-04
75.012207	7.9554264867e-04
75.073242	9.6125415691e-04
75.134277	9.9552008676e-04
75.195312	9.4547634674e-04
75.256348	7.6426488634e-04
75.317383	6.9554640576e-04
75.378418	6.1721196143e-04
75.439453	5.7948237726e-04
75.500488	5.8244354556e-04
75.561523	5.7057287797e-04
75.622559	5.8251160627e-04
75.683594	5.1946451323e-04
75.744629	5.2225409296e-04
75.805664	6.5987566331e-04
75.866699	6.3602122093e-04
75.927734	5.9285139493e-04
75.988770	6.0524757106e-04
76.049805	5.1916334301e-04
76.110840	4.3393028165e-04
76.171875	7.3519254256e-04
76.232910	7.5762897170e-04
76.293945	8.6481527902e-04
76.354980	8.8532972909e-04
76.416016	8.9615205469e-04
76.477051	6.4338095087e-04
76.538086	6.1455565141e-04
76.599121	5.7228956944e-04
76.660156	5.5253561015e-04
76.721191	4.7406017104e-04
76.782227	5.1808422592e-04
76.843262	5.4776286002e-04
76.904297	4.4438573687e-04
76.965332	5.5112915322e-04
77.026367	5.6366382085e-04
77.087402	6.2682668750e-04
77.148438	6.4215865359e-04
77.209473	6.7834665175e-04
77.270508	6.8463512664e-04
77.331543	7.7022065742e-04
77.392578	7.8882376906e-04
77.453613	8.4101884931e-04
77.514648	9.1353338653e-04
77.575684	9.2829250890e-04
77.636719	8.9547142736e-04
77.697754	8.0174653402e-04
77.758789	7.3612521931e-04
77.819824	7.0861965459e-04
77.880859	5.4599303850e-04
77.941895	5.2375435861e-04
78.002930	8.9245944489e-04
78.063965	1.0852895744e-03
78.125000	1.0467206618e-03
78.186035	1.1684298455e-03
78.247070	1.2469805252e-03
78.308105	8.4265293582e-04
78.369141	6.4407078904e-04
78.430176	6.1195627416e-04
78.491211	7.4951865386e-04
78.552246	7.2334669774e-04
78.613281	7.8309200459e-04
78.674316	8.1237972236e-04
78.735352	7.6679624739e-04
78.796387	5.9869757390e-04
78.857422	6.5591796593e-04
78.918457	6.7664104740e-04
78.979492	8.5147993279e-04
79.040527	1.0970703169e-03
79.101562	1.2042058231e-03
79.162598	1.1522259475e-03
79.223633	1.1994109294e-03
79.284668	1.1968472020e-03
79.345703	1.0761718004e-03
79.406738	1.0301566188e-03
79.467773	1.1605742198e-03
79.528809	1.2961304261e-03
79.589844	1.1560183348e-03
79.650879	1.1022488629e-03
79.711914	1.0051273611e-03
79.772949	8.1436463429e-04
79.833984	7.0195995396e-04
79.895020	7.9441563793e-04
79.956055	7.6638293302e-04
80.017090	7.9108096051e-04
80.078125	9.3696551790e-04
80.139160	9.4292674857e-04
80.200195	9.8277464534e-04
80.261230	1.1617808172e-03
80.322266	1.3253274434e-03
80.383301	1.2663418841e-03
80.444336	1.2627732206e-03
80.505371	1.2484180345e-03
80.566406	1.3163792191e-03
80.627441	1.3579467514e-03
80.688477	1.6295775883e-03
80.749512	1.8053012585e-03
80.810547	1.8946797141e-03
80.871582	1.8980374270e-03
80.932617	1.9752684883e-03
80.993652	1.9473155200e-03
81.054688	1.7365424835e-03
81.115723	2.0453981142e-03
81.176758	2.0825005422e-03
81.237793	2.0989807529e-03
81.298828	1.8349680174e-03
81.359863	1.7964890818e-03
81.420898	1.7230321740e-03
81.481934	1.6346839488e-03
81.542969	1.4545626492e-03
81.604004	1.5757756188e-03
81.665039	1.8016487305e-03
81.726074	1.7874023489e-03
81.787109	1.8105853381e-03
81.848145	1.7264831597e-03
81.909180	1.6568971742e-03
81.970215	1.5061367513e-03
82.031250	1.2970994397e-03
82.092285	1.3154279145e-03
82.153320	1.5069525000e-03
82.214355	1.5087668954e-03
82.275391	1.5222119779e-03
82.336426	1.2765357554e-03
82.397461	1.1283116889e-03
82.458496	9.2564998522e-04
82.519531	9.1832909044e-04
82.580566	7.6128150187e-04
82.641602	7.8078414302e-04
82.702637	6.6562996200e-04
82.763672	7.2342582846e-04
82.824707	8.2994622145e-04
82.885742	1.0191059864e-03
82.946777	1.2432670336e-03
83.007812	1.3257369704e-03
83.068848	1.4072513558e-03
83.129883	1.2661809449e-03
83.190918	1.2712984346e-03
83.251953	1.0675517215e-03
83.312988	1.0940222055e-03
83.374023	1.1453239008e-03
83.435059	1.3269946109e-03
83.496094	1.5970873082e-03
83.557129	2.0840292847e-03
83.618164	2.1827532003e-03
83.679199	2.1116727187e-03
83.740234	1.9406998728e-03
83.801270	1.7075926726e-03
83.862305	1.1795084873e-03
83.923340	1.2082163065e-03
83.984375	1.1889350683e-03
84.045410	1.5126861057e-03
84.106445	1.5107832853e-03
84.167480	1.6030696940e-03
84.228516	1.4605195529e-03
84.289551	1.3277339432e-03
84.350586	1.0559849885e-03
84.411621	9.0325300512e-04
84.472656	9.1441414828e-04
84.533691	9.0077384896e-04
84.594727	9.6294146897e-04
84.655762	9.8403877631e-04
84.716797	9.6470858872e-04
84.777832	8.6897493903e-04
84.838867	9.0443361362e-04
84.899902	8.4651405410e-04
84.960938	9.6538794566e-04
85.021973	1.0273052916e-03
85.083008	1.3264607266e-03
85.144043	1.5527736784e-03
85.205078	1.5877182895e-03
85.266113	1.5897469065e-03
85.327148	1.7610272799e-03
85.388184	1.6155182244e-03
85.449219	1.9597601190e-03
85.510254	1.8813029894e-03
85.571289	1.8047861759e-03
85.632324	1.4968531376e-03
85.693359	1.3503947576e-03
85.754395	6.6023664273e-04
85.815430	6.6786235278e-04
85.876465	5.0183747688e-04
85.937500	5.3427328667e-04
85.998535	6.1912579997e-04
86.059570	9.0593002653e-04
86.120605	1.0770460063e-03
86.181641	1.0968524754e-03
86.242676	1.0935345720e-03
86.303711	1.2959901960e-03
86.364746	1.3106186958e-03
86.425781	1.2629436309e-03
86.486816	1.5402286115e-03
86.547852	1.7373094715e-03
86.608887	1.6394252856e-03
86.669922	1.4137164793e-03
86.730957	1.3512045583e-03
86.791992	1.0329872136e-03
86.853027	9.4356165841e-04
86.914062	6.9036150486e-04
86.975098	6.7276729578e-04
87.036133	6.9489198279e-04
87.097168	6.7940134953e-04
87.158203	5.2674169136e-04
87.219238	6.0351869160e-04
87.280273	5.9850565176e-04
87.341309	5.3736395532e-04
87.402344	4.9463302848e-04
87.463379	5.3727812063e-04
87.524414	6.2184460126e-04
87.585449	7.8513142445e-04
87.646484	7.3244201661e-04
87.707520	8.3107086415e-04
87.768555	1.0860163764e-03
87.829590	1.0862655149e-03
87.890625	9.9241005783e-04
87.951660	1.2423090692e-03
88.012695	1.2498186775e-03
88.073730	1.0167251955e-03
88.134766	9.7080932213e-04
88.195801	9.4807023074e-04
88.256836	8.6129968938e-04
88.317871	8.2650075313e-04
88.378906	7.9390370248e-04
88.439941	7.1129992923e-04
88.500977	7.2986388656e-04
88.562012	8.2403468286e-04
88.623047	9.3761635826e-04
88.684082	9.5602722722e-04
88.745117	9.9541128907e-04
88.806152	1.1357340673e-03
88.867188	9.8300668810e-04
88.928223	8.5521044682e-04
88.989258	8.5630499654e-04
89.050293	1.0184979427e-03
89.111328	8.2481202419e-04
89.172363	9.8341770741e-04
89.233398	1.0159872261e-03
89.294434	1.0583951553e-03
89.355469	1.0125461186e-03
89.416504	1.0882060826e-03
89.477539	8.8969562823e-04
89.538574	9.4227030852e-04
89.599609	8.6949727109e-04
89.660645	6.7465776301e-04
89.721680	5.6061687466e-04
89.782715	5.3569284975e-04
89.843750	3.8751379757e-04
89.904785	3.8304928608e-04
89.965820	3.7270014987e-04
90.026855	3.8205104981e-04
90.087891	6.1228958026e-04
90.148926	7.2186879298e-04
90.209961	7.4314328049e-04
90.270996	9.7186626065e-04
90.332031	1.2335728765e-03
90.393066	1.2281003906e-03
90.454102	1.1448785437e-03
90.515137	1.2256456033e-03
90.576172	1.1257967717e-03
90.637207	9.3249550085e-04
90.698242	7.1304429067e-04
90.759277	7.8591209317e-04
90.820312	7.3468356180e-04
90.881348	7.0393469919e-04
90.942383	6.6497907570e-04
91.003418	7.2420119555e-04
91.064453	6.4573395308e-04
91.125488	7.5990741562e-04
91.186523	7.0835712683e-04
91.247559	7.3475257820e-04
91.308594	7.6150076536e-04
91.369629	9.5251605339e-04
91.430664	9.5339997908e-04
91.491699	1.0984890766e-03
91.552734	1.1074764303e-03
91.613770	1.1301880573e-03
91.674805	1.4340334953e-03
91.735840	1.4759595142e-03
91.796875	1.4492162007e-03
91.857910	1.5532619062e-03
91.918945	1.4711207174e-03
91.979980	1.1039767643e-03
92.041016	9.1624372538e-04
92.102051	8.6993135893e-04
92.163086	7.5169217150e-04
92.224121	8.0449365032e-04
92.285156	7.8270629422e-04
92.346191	9.2814199137e-04
92.407227	1.0027489454e-03
92.468262	1.3317717170e-03
92.529297	1.3952006543e-03
92.590332	1.6367563848e-03
92.651367	1.5823310180e-03
92.712402	1.6097290817e-03
92.773438	1.6497699588e-03
92.834473	1.5096625530e-03
92.895508	1.2896236717e-03
92.956543	1.4627053748e-03
93.017578	1.4319225246e-03
93.078613	1.1618044722e-03
93.139648	1.5316565109e-03
93.200684	1.6459958507e-03
93.261719	1.6987890177e-03
93.322754	1.6896380566e-03
93.383789	1.8959025125e-03
93.444824	1.5989095056e-03
93.505859	1.4987053001e-03
93.566895	1.1637631710e-03
93.627930	1.2683372375e-03
93.688965	1.2096331518e-03
93.750000	1.2148798488e-03
93.811035	1.1994574105e-03
93.872070	1.2746343277e-03
93.933105	1.0891850985e-03
93.994141	8.6941966224e-04
94.055176	9.9937675192e-04
94.116211	9.8647827172e-04
94.177246	1.1336657874e-03
94.238281	1.2227979285e-03
94.299316	1.4626556142e-03
94.360352	1.5865330150e-03
94.421387	1.6316069140e-03
94.482422	1.4801370397e-03
94.543457	1.3668547521e-03
94.604492	1.3445051661e-03
94.665527	1.0000891556e-03
94.726562	1.1733025739e-03
94.787598	1.1240560047e-03
94.848633	1.5006400712e-03
94.909668	1.3716788892e-03
94.970703	1.3880204006e-03
95.031738	1.2460399061e-03
95.092773	1.2680249776e-03
95.153809	1.0623528739e-03
95.214844	1.2761067574e-03
95.275879	1.3923651657e-03
95.336914	1.3857151098e-03
95.397949	1.4087159128e-03
95.458984	1.2960916266e-03
95.520020	1.0649164401e-03
95.581055	1.0689227956e-03
95.642090	9.8485068747e-04
95.703125	1.0301672753e-03
95.764160	9.5759468396e-04
95.825195	8.8250586414e-04
95.886230	8.1871555087e-04
95.947266	8.0847876710e-04
96.008301	7.5587588793e-04
96.069336	8.9280926070e-04
96.130371	7.8038831898e-04
96.191406	7.2896954175e-04
96.252441	7.2729941208e-04
96.313477	8.0827017588e-04
96.374512	7.3591096718e-04
96.435547	8.8103481690e-04
96.496582	8.8795588136e-04
96.557617	1.1159558441e-03
96.618652	1.1118555634e-03
96.679688	1.2874657458e-03
96.740723	1.3898424648e-03
96.801758	1.6084266791e-03
96.862793	1.3823926408e-03
96.923828	1.3991814202e-03
96.984863	1.3345882907e-03
97.045898	1.2284569583e-03
97.106934	1.1806009346e-03
97.167969	1.2982868402e-03
97.229004	1.1727121757e-03
97.290039	1.3033283227e-03
97.351074	1.3894953480e-03
97.412109	1.4397012805e-03
97.473145	1.3381824775e-03
97.534180	1.7285918254e-03
97.595215	1.4135006969e-03
97.656250	1.5580158678e-03
97.717285	1.4029680389e-03
97.778320	1.4662627429e-03
97.839355	1.1406491136e-03
97.900391	1.1599144143e-03
97.961426	8.3927065432e-04
98.022461	7.5368975943e-04
98.083496	5.9931099026e-04
98.144531	4.9890692586e-04
98.205566	5.2941332758e-04
98.266602	6.1135332214e-04
98.327637	6.8954023316e-04
98.388672	7.1619295750e-04
98.449707	7.3429602825e-04
98.510742	7.0157094963e-04
98.571777	5.9750742265e-04
98.632812	7.0721260610e-04
98.693848	7.7237864201e-04
98.754883	8.8144125807e-04
98.815918	8.5467477360e-04
98.876953	1.3216428526e-03
98.937988	1.2552881617e-03
98.999023	1.7440038937e-03
99.060059	1.8696241049e-03
99.121094	2.0044789943e-03
99.182129	1.8420932745e-03
99.243164	1.8980768378e-03
99.304199	1.6111209408e-03
99.365234	1.5448293060e-03
99.426270	1.5978585669e-03
99.487305	1.3217807674e-03
99.548340	1.4624066192e-03
99.609375	1.5171636547e-03
99.670410	3.1351895297e-03
99.731445	4.0739352765e-03
99.792480	4.6074024188e-03
99.853516	4.6229945623e-03
99.914551	4.4854683569e-03
99.975586	2.8999302264e-03
100.036621	2.1841036967e-03
100.097656	1.8252870805e-03
100.158691	1.5971916447e-03
100.219727	1.4664666167e-03
100.280762	1.3645732573e-03
100.341797	1.0550036424e-03
100.402832	8.4618505332e-04
100.463867	1.3995166771e-03
100.524902	1.3311935273e-03
100.585938	1.3808786366e-03
100.646973	1.3956442379e-03
100.708008	1.4818982192e-03
100.769043	8.9702947785e-04
100.830078	1.1849573105e-03
100.891113	1.1287832724e-03
100.952148	1.3236208146e-03
101.013184	1.1840446429e-03
101.074219	1.2463071226e-03
101.135254	1.0121880688e-03
101.196289	1.3376559446e-03
101.257324	1.1470334331e-03
101.318359	1.7285082374e-03
101.379395	1.6007137590e-03
101.440430	1.7254075549e-03
101.501465	1.4885724801e-03
101.562500	1.7267619085e-03
101.623535	1.4175519666e-03
101.684570	1.4985104387e-03
101.745605	1.4334253912e-03
101.806641	1.4540400234e-03
101.867676	1.3181082737e-03
101.928711	1.1371830513e-03
101.989746	1.4071824641e-03
102.050781	1.4264691856e-03
102.111816	1.3284535420e-03
102.172852	1.3866390353e-03
102.233887	1.8272799683e-03
102.294922	1.5869197505e-03
102.355957	1.5298021894e-03
102.416992	1.5194754501e-03
102.478027	1.2634756139e-03
102.539062	1.0028957490e-03
102.600098	9.9598459800e-04
102.661133	1.3789949181e-03
102.722168	1.3974400666e-03
102.783203	1.4789953907e-03
102.844238	1.3263235717e-03
102.905273	1.2489613326e-03
102.966309	7.6414177492e-04
103.027344	6.5311184195e-04
103.088379	7.4434363736e-04
103.149414	9.9145343011e-04
103.210449	1.4256709989e-03
103.271484	1.5282380652e-03
103.332520	1.7048017648e-03
103.393555	1.5134325661e-03
103.454590	1.4013630553e-03
103.515625	1.0721009668e-03
103.576660	9.7393401634e-04
103.637695	7.4008740495e-04
103.698730	7.4481286771e-04
103.759766	5.1711532494e-04
103.820801	4.8782538185e-04
103.881836	8.2120746355e-04
103.942871	1.0176180844e-03
104.003906	1.3256222743e-03
104.064941	1.3773690881e-03
104.125977	1.4394677826e-03
104.187012	1.1644582423e-03
104.248047	1.2437521657e-03
104.309082	1.0027971899e-03
104.370117	1.0522594115e-03
104.431152	1.1252950108e-03
104.492188	1.2543406430e-03
104.553223	1.2380459671e-03
104.614258	1.2556378827e-03
104.675293	1.2398864988e-03
104.736328	1.2653022619e-03
104.797363	1.1971222947e-03
104.858398	1.1090890539e-03
104.919434	1.1889152737e-03
104.980469	1.6852808581e-03
105.041504	1.5373552052e-03
105.102539	1.9802281143e-03
105.163574	2.2280827914e-03
105.224609	2.0445545633e-03
105.285645	1.6338458043e-03
105.346680	1.8574703088e-03
105.407715	1.4422670688e-03
105.468750	1.4708024350e-03
105.529785	1.7093224436e-03
105.590820	1.9207633665e-03
105.651855	1.6093161895e-03
105.712891	1.7256158088e-03
105.773926	1.3726489737e-03
105.834961	1.2580462454e-03
105.895996	9.6773879198e-04
105.957031	8.9139755985e-04
106.018066	7.0627147370e-04
106.079102	7.2245779178e-04
106.140137	7.0191363279e-04
106.201172	7.7213452147e-04
106.262207	8.8267070106e-04
106.323242	9.0777275545e-04
106.384277	1.1811843420e-03
106.445312	1.2023608861e-03
106.506348	1.1075638484e-03
106.567383	1.1591767091e-03
106.628418	1.1180208879e-03
106.689453	9.0251347320e-04
106.750488	7.7607403671e-04
106.811523	9.6050869104e-04
106.872559	1.1429964906e-03
106.933594	1.2505149279e-03
106.994629	1.3265582588e-03
107.055664	1.3657303410e-03
107.116699	1.3318661668e-03
107.177734	1.0834777777e-03
107.238770	9.9903163581e-04
107.299805	8.3127968283e-04
107.360840	9.1376235418e-04
107.421875	7.7448052069e-04
107.482910	9.2023828257e-04
107.543945	1.0771479303e-03
107.604980	1.0284975286e-03
107.666016	1.0443554900e-03
107.727051	1.2767690155e-03
107.788086	1.2909624917e-03
107.849121	1.0997513012e-03
107.910156	1.3579758297e-03
107.971191	1.2249545645e-03
108.032227	1.0861306957e-03
108.093262	1.0466752023e-03
108.154297	1.1809112649e-03
108.215332	9.7220545413e-04
108.276367	1.0518578123e-03
108.337402	1.1666148846e-03
108.398438	1.1184156481e-03
108.459473	1.0369183057e-03
108.520508	1.0159092236e-03
108.581543	9.6655488238e-04
108.642578	8.2014955462e-04
108.703613	7.0900316154e-04
108.764648	6.2509627345e-04
108.825684	6.1135706141e-04
108.886719	6.0193241573e-04
108.947754	5.4132171556e-04
109.008789	5.5272582691e-04
109.069824	5.7485145943e-04
109.130859	6.1046246571e-04
109.191895	6.1402229310e-04
109.252930	6.2242701841e-04
109.313965	7.5794376357e-04
109.375000	7.0492827795e-04
109.436035	6.1849045393e-04
109.497070	6.0061614273e-04
109.558105	5.8234453298e-04
109.619141	4.0050576674e-04
109.680176	5.3347326603e-04
109.741211	6.0489685948e-04
109.802246	7.4198262739e-04
109.863281	7.8923424457e-04
109.924316	8.0977189706e-04
109.985352	7.8407387035e-04
110.046387	8.2104484480e-04
110.107422	8.2446668896e-04
110.168457	7.7484265578e-04
110.229492	7.7299653739e-04
110.290527	7.7869158813e-04
110.351562	6.6794633712e-04
110.412598	5.9809366595e-04
110.473633	5.9479685917e-04
110.534668	6.7192736288e-04
110.595703	6.7885989847e-04
110.656738	6.9094781990e-04
110.717773	5.8498120592e-04
110.778809	5.0108968768e-04
110.839844	5.1331165807e-04
110.900879	4.0299242871e-04
110.961914	4.5858047179e-04
111.022949	5.1249123643e-04
111.083984	6.4818966875e-04
111.145020	5.3436879155e-04
111.206055	5.0217426157e-04
111.267090	5.2859577251e-04
111.328125	4.9726598989e-04
111.389160	3.7868043737e-04
111.450195	5.1370758152e-04
111.511230	5.5019008442e-04
111.572266	5.1946385085e-04
111.633301	4.7713958356e-04
111.694336	5.4055982292e-04
111.755371	4.9353748544e-04
111.816406	4.9273417191e-04
111.877441	5.9018763134e-04
111.938477	6.4097240227e-04
111.999512	8.0484880100e-04
112.060547	7.6644629991e-04
112.121582	8.1480561211e-04
112.182617	6.6592340324e-04
112.243652	6.5796548595e-04
112.304688	4.7557183775e-04
112.365723	4.1635564315e-04
112.426758	4.1845942866e-04
112.487793	5.1321804803e-04
112.548828	5.6558986538e-04
112.609863	6.0737367995e-04
112.670898	7.3210129734e-04
112.731934	7.7869709074e-04
112.792969	7.6889710861e-04
112.854004	7.1467674576e-04
112.915039	7.8214018437e-04
112.976074	7.3746484178e-04
113.037109	6.6944739847e-04
113.098145	6.8696316057e-04
113.159180	8.5358861869e-04
113.220215	8.7342186066e-04
113.281250	8.8140988648e-04
113.342285	8.2191701517e-04
113.403320	7.2315133301e-04
113.464355	5.9894486070e-04
113.525391	6.4971834929e-04
113.586426	6.1387368067e-04
113.647461	8.4457060665e-04
113.708496	8.7663590619e-04
113.769531	9.0774829505e-04
113.830566	9.9047617936e-04
113.891602	9.5177388940e-04
113.952637	7.6778372142e-04
114.013672	8.3973140668e-04
114.074707	8.1287902904e-04
114.135742	6.9400518455e-04
114.196777	6.9279019330e-04
114.257812	9.6145470573e-04
114.318848	9.7226778849e-04
114.379883	9.6282939706e-04
114.440918	8.5144193513e-04
114.501953	9.9695554566e-04
114.562988	7.5400013447e-04
114.624023	8.8491612938e-04
114.685059	8.8937108976e-04
114.746094	1.0542622959e-03
114.807129	9.2254260564e-04
114.868164	9.8424487692e-04
114.929199	9.6816122941e-04
114.990234	9.7056585399e-04
115.051270	8.7591656889e-04
115.112305	8.7176267097e-04
115.173340	8.4995073217e-04
115.234375	7.4039235647e-04
115.295410	8.3532697468e-04
115.356445	9.3313100465e-04
115.417480	1.0061410092e-03
115.478516	9.7872374209e-04
115.539551	8.7786698778e-04
115.600586	1.0140437479e-03
115.661621	9.2929231507e-04
115.722656	1.0267391760e-03
115.783691	1.0740125248e-03
115.844727	1.1917458261e-03
115.905762	1.1136967296e-03
115.966797	1.1510932101e-03
116.027832	1.3007214863e-03
116.088867	1.3145261719e-03
116.149902	1.2693568371e-03
116.210938	1.0951388359e-03
116.271973	1.0575979435e-03
116.333008	7.1048037814e-04
116.394043	6.3815051190e-04
116.455078	7.8192669628e-04
116.516113	9.7388955658e-04
116.577148	9.7787602285e-04
116.638184	1.0563747934e-03
116.699219	1.2306022366e-03
116.760254	1.0360249436e-03
116.821289	9.2627580680e-04
116.882324	9.3791795088e-04
116.943359	9.9046928835e-04
117.004395	8.4098981198e-04
117.065430	1.0097873019e-03
117.126465	9.6218533632e-04
117.187500	1.1515374785e-03
117.248535	1.0933918135e-03
117.309570	1.1685134582e-03
117.370605	1.3369122753e-03
117.431641	1.2974924653e-03
117.492676	9.7644656685e-04
117.553711	1.0606548786e-03
117.614746	9.6921332301e-04
117.675781	6.4689030358e-04
117.736816	1.4544649655e-03
117.797852	1.5252176395e-03
117.858887	1.7532006910e-03
117.919922	1.7971814881e-03
117.980957	1.8825018641e-03
118.041992	1.3145432985e-03
118.103027	1.3246621582e-03
118.164062	9.8681072778e-04
118.225098	1.1716242208e-03
118.286133	1.0623522458e-03
118.347168	8.6302374589e-04
118.408203	1.0394886657e-03
118.469238	1.0783613058e-03
118.530273	8.0363966765e-04
118.591309	9.1952959621e-04
118.652344	1.0833979301e-03
118.713379	1.0143298080e-03
118.774414	1.1068894327e-03
118.835449	1.2654230896e-03
118.896484	1.3078700453e-03
118.957520	1.2264567237e-03
119.018555	1.3727243377e-03
119.079590	1.2841418925e-03
119.140625	1.2497737015e-03
119.201660	1.0602967849e-03
119.262695	9.7542383881e-04
119.323730	5.9504734054e-04
119.384766	5.0992268263e-04
119.445801	3.8677111349e-04
119.506836	4.8915779122e-04
119.567871	5.2174690085e-04
119.628906	5.9661642515e-04
119.689941	6.5078876547e-04
119.750977	6.7033800691e-04
119.812012	6.5546545900e-04
119.873047	6.6221211301e-04
119.934082	5.5961094652e-04
119.995117	8.4073872746e-04
120.056152	7.8723357388e-04
120.117188	8.0055504429e-04
120.178223	7.1162407320e-04
120.239258	8.5219986462e-04
120.300293	7.2286343162e-04
120.361328	7.3027860370e-04
120.422363	7.2485207127e-04
120.483398	7.8019805839e-04
120.544434	7.1982076501e-04
120.605469	6.9139681835e-04
120.666504	6.9016135036e-04
120.727539	7.3844949899e-04
120.788574	7.3419348925e-04
120.849609	7.9176470352e-04
120.910645	6.5116986173e-04
120.971680	6.8312139108e-04
121.032715	5.7527715753e-04
121.093750	5.8314022803e-04
121.154785	5.0906147925e-04
121.215820	6.1548721257e-04
121.276855	6.2330353135e-04
121.337891	7.5298766195e-04
121.398926	7.9393407064e-04
121.459961	9.4406549372e-04
121.520996	8.5484855800e-04
121.582031	8.0239100286e-04
121.643066	7.4524153340e-04
121.704102	5.9911188811e-04
121.765137	4.2364181847e-04
121.826172	4.1658194961e-04
121.887207	4.7112922995e-04
121.948242	4.0770052811e-04
122.009277	6.7674916376e-04
122.070312	7.6127635160e-04
122.131348	7.1084491682e-04
122.192383	8.1493591483e-04
122.253418	7.9565985117e-04
122.314453	5.9362137026e-04
122.375488	5.2899681468e-04
122.436523	5.4513715413e-04
122.497559	5.4130398998e-04
122.558594	5.7880950434e-04
122.619629	5.5772313625e-04
122.680664	7.1654892867e-04
122.741699	6.6950278986e-04
122.802734	6.1232219770e-04
122.863770	7.0315985423e-04
122.924805	7.3053986569e-04
122.985840	5.9091607728e-04
123.046875	6.7125154253e-04
123.107910	6.8422129268e-04
123.168945	9.0171538539e-04
123.229980	8.4796179237e-04
123.291016	8.2160075476e-04
123.352051	8.2908572304e-04
123.413086	7.1440661106e-04
123.474121	4.4408807576e-04
123.535156	4.0840451833e-04
123.596191	3.7875200102e-04
123.657227	3.7481063916e-04
123.718262	5.0977944700e-04
123.779297	4.0521975831e-04
123.840332	4.4837062089e-04
123.901367	5.0773384931e-04
123.962402	5.2728054180e-04
124.023438	4.4190308506e-04
124.084473	5.4322935666e-04
124.145508	5.5699971224e-04
124.206543	4.9199654206e-04
124.267578	4.8184778342e-04
124.328613	4.5624181342e-04
124.389648	4.5109893164e-04
124.450684	4.6473861489e-04
124.511719	5.2504976773e-04
124.572754	4.9885264591e-04
124.633789	5.9789565679e-04
124.694824	6.6188129659e-04
124.755859	6.0354857073e-04
124.816895	5.0311386772e-04
124.877930	4.1516413855e-04
