0.000000	1.8615422752e-01
0.008887	2.2802698192e-01
0.017773	2.0868670132e-01
0.026660	1.7271870359e-01
0.035547	1.2917465563e-01
0.044434	1.3827148515e-01
0.053320	9.2244369857e-02
0.062207	1.1326858545e-01
0.071094	1.0610700326e-01
0.079980	6.7406929812e-02
0.088867	7.7957894507e-02
0.097754	8.5358703685e-02
0.106641	6.6312855114e-02
0.115527	6.7272158286e-02
0.124414	6.8327830269e-02
0.133301	4.0611029671e-02
0.142187	2.9062438085e-02
0.151074	3.2150274840e-02
0.159961	2.9052313203e-02
0.168848	3.5576345139e-02
0.177734	4.0750696460e-02
0.186621	4.9503665913e-02
0.195508	5.0575592195e-02
0.204395	5.5750633416e-02
0.213281	4.2772683537e-02
0.222168	3.7900555773e-02
0.231055	3.1582017190e-02
0.239941	2.5847123525e-02
0.248828	2.3161164548e-02
0.257715	2.5121320343e-02
0.266602	2.1267849231e-02
0.275488	1.6696755727e-02
0.284375	2.2415504736e-02
0.293262	1.9996478920e-02
0.302148	1.9598946645e-02
0.311035	2.4298948028e-02
0.319922	2.6207672238e-02
0.328809	1.9928219841e-02
0.337695	2.0070220450e-02
0.346582	1.9279946216e-02
0.355469	1.6436370760e-02
0.364355	1.5107440066e-02
0.373242	1.4261430750e-02
0.382129	1.3951068067e-02
0.391016	1.7608245977e-02
0.399902	1.5581046352e-02
0.408789	1.5630328059e-02
0.417676	1.3981012363e-02
0.426563	1.4406393426e-02
0.435449	7.9336932319e-03
0.444336	1.0864189354e-02
0.453223	8.5228742245e-03
0.462109	9.8294098003e-03
0.470996	8.6171607681e-03
0.479883	1.2218256089e-02
0.488770	1.0531819298e-02
0.497656	1.1276392051e-02
0.506543	9.8281129480e-03
0.515430	8.7098365559e-03
0.524316	5.5319728770e-03
0.533203	4.3989257346e-03
0.542090	4.7821654816e-03
0.550977	4.4779174322e-03
0.559863	5.3853550292e-03
0.568750	5.4917873483e-03
0.577637	5.1237799677e-03
0.586523	5.3502215967e-03
0.595410	4.8483173654e-03
0.604297	4.8073247554e-03
0.613184	4.3877711199e-03
0.622070	5.7872269864e-03
0.630957	5.0393670937e-03
0.639844	5.7481623452e-03
0.648730	4.8005453534e-03
0.657617	4.6894193306e-03
0.666504	3.3531508595e-03
0.675391	3.2322997652e-03
0.684277	2.9199734941e-03
0.693164	3.6548316273e-03
0.702051	3.5992872826e-03
0.710938	4.7191775211e-03
0.719824	5.3309343388e-03
0.728711	6.1103421513e-03
0.737598	5.2720171840e-03
0.746484	5.2740705234e-03
0.755371	3.8648590400e-03
0.764258	3.1826574641e-03
0.773145	2.1318438932e-03
0.782031	2.4655344980e-03
0.790918	2.8396619415e-03
0.799805	2.7758802536e-03
0.808691	2.6787523447e-03
0.817578	2.5068365280e-03
0.826465	2.5966707794e-03
0.835352	2.1908302014e-03
0.844238	2.6171376655e-03
0.853125	2.5496801754e-03
0.862012	2.7196682896e-03
0.870898	2.1977505108e-03
0.879785	2.2096771857e-03
0.888672	1.8603862247e-03
0.897559	1.4422270309e-03
0.906445	1.1403503258e-03
0.915332	1.4594548642e-03
0.924219	1.3432928719e-03
0.933105	1.0991896353e-03
0.941992	1.1804582419e-03
0.950879	1.1634345816e-03
0.959766	1.7865458862e-03
0.968652	1.9180739101e-03
0.977539	2.4578164562e-03
0.986426	2.5992966397e-03
0.995313	2.9765480251e-03
1.004199	2.1127485761e-03
1.013086	2.0500577669e-03
1.021973	1.6021594113e-03
1.030859	1.7383456029e-03
1.039746	1.8683030358e-03
1.048633	1.8971348867e-03
1.057520	1.7254875808e-03
1.066406	1.9504432100e-03
1.075293	1.6609864709e-03
1.084180	1.1326828220e-03
1.093066	1.5997972457e-03
1.101953	1.6838676452e-03
1.110840	1.5058748756e-03
1.119727	2.0493230075e-03
1.128613	2.3940457392e-03
1.137500	2.2261765658e-03
1.146387	2.2579959946e-03
1.155273	2.4109114054e-03
1.164160	2.4220565879e-03
1.173047	2.1262735708e-03
1.181934	1.8074817062e-03
1.190820	1.4884719668e-03
1.199707	1.5460340015e-03
1.208594	9.3606405053e-04
1.217480	9.2028936887e-04
1.226367	1.0896313551e-03
1.235254	1.2657760192e-03
1.244141	1.0246547134e-03
1.253027	1.0534099572e-03
1.261914	1.2077880723e-03
1.270801	9.6032408037e-04
1.279688	8.8049200039e-04
1.288574	8.3664834323e-04
1.297461	9.9434587320e-04
1.306348	8.2375713940e-04
1.315234	9.6301941945e-04
1.324121	9.6686319489e-04
1.333008	9.7251078713e-04
1.341895	8.9889479956e-04
1.350781	1.3187245451e-03
1.359668	1.3073437021e-03
1.368555	1.3404135545e-03
1.377441	1.4003771139e-03
1.386328	1.6877934465e-03
1.395215	1.2836362677e-03
1.404102	1.4986156237e-03
1.412988	1.5526201527e-03
1.421875	1.4431139229e-03
1.430762	1.7958173083e-03
1.439648	1.7431820503e-03
1.448535	1.9232964472e-03
1.457422	1.8418843932e-03
1.466309	2.1292536221e-03
1.475195	1.3673333974e-03
1.484082	1.4530475020e-03
1.492969	1.0576983650e-03
1.501855	1.2985203931e-03
1.510742	9.8287374571e-04
1.519629	1.2034577500e-03
1.528516	1.1215216542e-03
1.537402	1.0597655715e-03
1.546289	7.1659606789e-04
1.555176	8.7720087077e-04
1.564063	7.4844428129e-04
1.572949	7.6141641302e-04
1.581836	8.3944380360e-04
1.590723	1.0387959519e-03
1.599609	9.7631344395e-04
1.608496	9.4140926676e-04
1.617383	9.1281981575e-04
1.626270	1.0245967563e-03
1.635156	1.1898656192e-03
1.644043	1.5793585864e-03
1.652930	1.6595394451e-03
1.661816	1.5533636081e-03
1.670703	1.4703308571e-03
1.679590	1.1502026375e-03
1.688477	8.8793534677e-04
1.697363	7.7809782175e-04
1.706250	7.4329471412e-04
1.715137	6.8015784080e-04
1.724023	6.9039940020e-04
1.732910	6.1924581823e-04
1.741797	7.4166034390e-04
1.750684	1.1130176495e-03
1.759570	1.1309795029e-03
1.768457	1.4103319360e-03
1.777344	1.3111391600e-03
1.786230	1.5474789529e-03
1.795117	1.3314218352e-03
1.804004	1.7156010051e-03
1.812891	1.6956010186e-03
1.821777	1.7122780447e-03
1.830664	1.5724400991e-03
1.839551	1.6624420981e-03
1.848437	1.7509006927e-03
1.857324	1.5763804279e-03
1.866211	1.9537023148e-03
1.875098	1.9426740201e-03
1.883984	1.7249142129e-03
1.892871	1.3998358177e-03
1.901758	1.2983955278e-03
1.910645	9.9003351617e-04
1.919531	1.2713761912e-03
1.928418	1.3460403432e-03
1.937305	1.3246616688e-03
1.946191	1.4005958762e-03
1.955078	1.7332253595e-03
1.963965	1.3226354803e-03
1.972852	1.2959408042e-03
1.981738	1.0931923496e-03
1.990625	1.0733094778e-03
1.999512	1.1945284465e-03
2.008398	1.1920329797e-03
2.017285	1.4814736141e-03
2.026172	1.7414703651e-03
2.035059	2.0070657371e-03
2.043945	1.9583553167e-03
2.052832	1.9676281361e-03
2.061719	1.8957128386e-03
2.070605	1.5919345420e-03
2.079492	1.5448221749e-03
2.088379	1.0388250947e-03
2.097266	8.8289621698e-04
2.106152	1.0072286209e-03
2.115039	1.1803573050e-03
2.123926	1.3139780036e-03
2.132812	1.5577554889e-03
2.141699	2.0656380826e-03
2.150586	2.0226176912e-03
2.159473	1.8389119801e-03
2.168359	1.3940812091e-03
2.177246	1.1644803637e-03
2.186133	8.3179146573e-04
2.195020	7.5545554443e-04
2.203906	1.0678728795e-03
2.212793	1.4649497817e-03
2.221680	1.6741484506e-03
2.230566	1.5898115466e-03
2.239453	1.3757390819e-03
2.248340	1.2563376292e-03
2.257227	1.1888025713e-03
2.266113	1.0250826485e-03
2.275000	9.4851426003e-04
2.283887	1.1297200663e-03
2.292773	1.0944191772e-03
2.301660	7.8947504012e-04
2.310547	1.0289586061e-03
2.319434	1.3221780862e-03
2.328320	1.5350501187e-03
2.337207	1.9998127510e-03
2.346094	2.1680751540e-03
2.354980	2.1898829822e-03
2.363867	1.8797033888e-03
2.372754	1.6669142348e-03
2.381641	1.2317524632e-03
2.390527	1.2267768408e-03
2.399414	1.0462282066e-03
2.408301	1.1310455885e-03
2.417187	1.2959638802e-03
2.426074	1.1359759505e-03
2.434961	9.6521423139e-04
2.443848	1.0581279922e-03
2.452734	1.1309691143e-03
2.461621	6.9532408307e-04
2.470508	6.7170789668e-04
2.479395	7.8410159269e-04
2.488281	6.1332267138e-04
2.497168	7.0797634973e-04
2.506055	8.1190122166e-04
2.514941	1.1066678348e-03
2.523828	1.2632131129e-03
2.532715	1.3108015961e-03
2.541602	1.2106966228e-03
2.550488	1.2814406611e-03
2.559375	1.2376921321e-03
2.568262	1.2647916123e-03
2.577148	1.4064497114e-03
2.586035	1.9490253456e-03
2.594922	2.1003865887e-03
2.603809	2.2669848528e-03
2.612695	2.2968457219e-03
2.621582	2.4025092736e-03
2.630469	1.7482989998e-03
2.639355	2.1840036182e-03
2.648242	1.9143706105e-03
2.657129	1.6511305140e-03
2.666016	1.3727241958e-03
2.674902	1.4288628953e-03
2.683789	1.0968945150e-03
2.692676	1.0628179107e-03
2.701563	1.0265090689e-03
2.710449	1.2602766065e-03
2.719336	1.4802795748e-03
2.728223	1.1781259398e-03
2.737109	1.3240184149e-03
2.745996	1.2848407398e-03
2.754883	1.0317660349e-03
2.763770	7.1316335216e-04
2.772656	7.0674099443e-04
2.781543	4.8899323306e-04
2.790430	4.6447299003e-04
2.799316	7.7359873431e-04
2.808203	9.1277470529e-04
2.817090	1.1300732883e-03
2.825977	1.1655459461e-03
2.834863	1.2808164153e-03
2.843750	1.0718666859e-03
2.852637	1.0765145773e-03
2.861523	9.2233451581e-04
2.870410	1.0169243359e-03
2.879297	1.0978998440e-03
2.888184	1.2255351722e-03
2.897070	1.2741364391e-03
2.905957	1.3535070583e-03
2.914844	1.3730680244e-03
2.923730	1.4929578999e-03
2.932617	1.2740055771e-03
2.941504	1.3355496192e-03
2.950391	1.0830056290e-03
2.959277	1.1985429938e-03
2.968164	1.0762054183e-03
2.977051	1.0425677124e-03
2.985937	9.8232586636e-04
2.994824	1.4175118426e-03
3.003711	1.5927709963e-03
3.012598	1.4954819809e-03
3.021484	1.8478057413e-03
3.030371	1.9603229799e-03
3.039258	1.8780517208e-03
3.048145	1.4673316975e-03
3.057031	1.3662732114e-03
3.065918	1.1057942991e-03
3.074805	1.4483015939e-03
3.083691	1.2764385782e-03
3.092578	1.3046831056e-03
3.101465	1.4528228812e-03
3.110352	1.6836901152e-03
3.119238	1.6750237168e-03
3.128125	1.7414720431e-03
3.137012	1.8605407383e-03
3.145898	1.9885069427e-03
3.154785	1.8854655559e-03
3.163672	1.2951576884e-03
3.172559	1.7824049420e-03
3.181445	1.7543167699e-03
3.190332	1.7538531488e-03
3.199219	1.7036140560e-03
3.208105	1.8792197959e-03
3.216992	1.3557873659e-03
3.225879	1.3130517246e-03
3.234766	1.2077104332e-03
3.243652	1.3046850918e-03
3.252539	1.6789181945e-03
3.261426	1.4873624591e-03
3.270313	1.6016476665e-03
3.279199	1.5952952868e-03
3.288086	1.5696952181e-03
3.296973	9.7309464806e-04
3.305859	1.2753831657e-03
3.314746	1.3990738786e-03
3.323633	1.4219158018e-03
3.332520	1.3368098141e-03
3.341406	1.6799995767e-03
3.350293	1.5427109115e-03
3.359180	1.3026996044e-03
3.368066	1.2594884367e-03
3.376953	1.1163200587e-03
3.385840	7.7419280150e-04
3.394727	1.0458043177e-03
3.403613	8.8978728276e-04
3.412500	1.0578705147e-03
3.421387	1.1131671850e-03
3.430273	1.1594501778e-03
3.439160	1.1988432646e-03
3.448047	1.3375025656e-03
3.456934	1.1603970432e-03
3.465820	1.2420817468e-03
3.474707	1.9375962372e-03
3.483594	1.4716681269e-03
3.492480	1.5555698022e-03
3.501367	1.5578481177e-03
3.510254	1.6123924979e-03
3.519141	1.1269462067e-03
3.528027	1.2577719699e-03
3.536914	1.0537248468e-03
3.545801	1.1977172829e-03
3.554688	1.1081251598e-03
3.563574	9.0105333025e-04
3.572461	9.4052184078e-04
3.581348	1.3027671622e-03
3.590234	1.1377314467e-03
3.599121	1.2553910908e-03
3.608008	1.3264189630e-03
3.616895	1.2446957921e-03
3.625781	1.4480270727e-03
3.634668	1.5172474302e-03
3.643555	1.5021675381e-03
3.652441	1.5071098488e-03
3.661328	1.7734516258e-03
3.670215	1.1827512934e-03
3.679102	1.3134570155e-03
3.687988	1.0610254181e-03
3.696875	1.3939208669e-03
3.705762	1.4740889547e-03
3.714648	1.6119439826e-03
3.723535	1.6601276487e-03
3.732422	1.6248642243e-03
3.741309	1.5418828748e-03
3.750195	1.4716056932e-03
3.759082	1.6196044874e-03
3.767969	1.3255017318e-03
3.776855	1.6137215771e-03
3.785742	1.4972550223e-03
3.794629	1.2268956045e-03
3.803516	9.7639660793e-04
3.812402	1.0680408010e-03
3.821289	1.1914771605e-03
3.830176	9.8475870715e-04
3.839063	1.3558874456e-03
3.847949	1.4380039325e-03
3.856836	1.3833605607e-03
3.865723	1.1304478941e-03
3.874609	1.2608185684e-03
3.883496	8.8715890901e-04
3.892383	7.7511401308e-04
3.901270	6.9659411635e-04
3.910156	1.0699058705e-03
3.919043	9.0851359474e-04
3.927930	1.2344522484e-03
3.936816	1.4811652053e-03
3.945703	1.8711815973e-03
3.954590	2.1096925963e-03
3.963477	2.2985708502e-03
3.972363	2.4610547968e-03
3.981250	4.1630200652e-03
3.990137	5.9878895327e-03
3.999023	9.0539194951e-03
4.007910	1.4444596606e-02
4.016797	1.7120330747e-02
4.025684	1.6263532785e-02
4.034570	1.4268787061e-02
4.043457	1.0657478360e-02
4.052344	5.3132573684e-03
4.061230	2.3706792539e-03
4.070117	1.3254778008e-03
4.079004	1.2996175522e-03
4.087891	1.2923786431e-03
4.096777	1.2443826731e-03
4.105664	1.0635455727e-03
4.114551	1.0382966635e-03
4.123437	8.8720216206e-04
4.132324	8.5641218079e-04
4.141211	1.7443945069e-03
4.150098	1.6106952606e-03
4.158984	1.8375845403e-03
4.167871	1.8195184458e-03
4.176758	1.6763426984e-03
4.185645	8.0204567270e-04
4.194531	1.0148049001e-03
4.203418	1.0886340143e-03
4.212305	1.3631682698e-03
4.221191	1.4692265291e-03
4.230078	1.2340708814e-03
4.238965	1.2285347957e-03
4.247852	8.9914474519e-04
4.256738	6.1095665229e-04
4.265625	7.6783699670e-04
4.274512	8.4876029705e-04
4.283398	7.7350586875e-04
4.292285	9.4924375448e-04
4.301172	1.4324202513e-03
4.310059	1.5268022528e-03
4.318945	1.5896446053e-03
4.327832	1.8645252610e-03
4.336719	1.8995871025e-03
4.345605	1.6867740402e-03
4.354492	1.6056662681e-03
4.363379	2.0858668698e-03
4.372266	1.7626102900e-03
4.381152	1.9437842636e-03
4.390039	1.7186723411e-03
4.398926	1.6072197925e-03
4.407813	1.2917371966e-03
4.416699	1.4250529535e-03
4.425586	1.1144156799e-03
4.434473	1.3519962568e-03
4.443359	1.2853155561e-03
4.452246	1.1205551051e-03
4.461133	8.8685412391e-04
4.470020	9.1437124379e-04
4.478906	1.0135264424e-03
4.487793	1.0878909984e-03
4.496680	1.1689444762e-03
4.505566	1.2347312052e-03
4.514453	1.1318808781e-03
4.523340	6.7557742089e-04
4.532227	4.1991914816e-04
