0	0
0.00111084	3.37934e-06
0.00222168	1.24826e-05
0.00333252	3.15046e-05
0.00444336	5.41756e-05
0.0055542	0.000150492
0.00666504	0.000198982
0.00777588	0.00027324
0.00888672	0.000360048
0.00999756	0.000450563
0.0111084	0.000304868
0.0122192	0.000418186
0.0133301	0.000622512
0.0144409	0.000641926
0.0155518	0.000819229
0.0166626	0.00113051
0.0177734	0.00129107
0.0188843	0.00139764
0.0199951	0.00143977
0.021106	0.00140806
0.0222168	0.00132475
0.0233276	0.00149725
0.0244385	0.0014173
0.0255493	0.00203397
0.0266602	0.00236577
0.027771	0.00222742
0.0288818	0.00268516
0.0299927	0.00307943
0.0311035	0.00260461
0.0322144	0.00287942
0.0333252	0.00300234
0.034436	0.00191048
0.0355469	0.00216979
0.0366577	0.0036309
0.0377686	0.00382293
0.0388794	0.0046847
0.0399902	0.00522189
0.0411011	0.00505388
0.0422119	0.00394716
0.0433228	0.00462089
0.0444336	0.00511672
0.0455444	0.00526892
0.0466553	0.00601127
0.0477661	0.00672126
0.048877	0.00619217
0.0499878	0.00528113
0.0510986	0.00573405
0.0522095	0.00506426
0.0533203	0.00495693
0.0544312	0.00563251
0.055542	0.00687075
0.0566528	0.00590667
0.0577637	0.00692225
0.0588745	0.00762617
0.0599854	0.00780725
0.0610962	0.00778543
0.062207	0.00928224
0.0633179	0.00823563
0.0644287	0.00765155
0.0655396	0.010673
0.0666504	0.0111174
0.0677612	0.0110801
0.0688721	0.011688
0.0699829	0.0125678
0.0710937	0.0110083
0.0722046	0.00972631
0.0733154	0.0136215
0.0744263	0.0134243
0.0755371	0.0136534
0.0766479	0.0106101
0.0777588	0.0148638
0.0788696	0.0100344
0.0799805	0.011704
0.0810913	0.0135183
0.0822021	0.0176801
0.083313	0.0161048
0.0844238	0.0193277
0.0855347	0.0186557
0.0866455	0.0171042
0.0877563	0.0143303
0.0888672	0.0192199
0.089978	0.0173803
0.0910889	0.0205251
0.0921997	0.02048
0.0933105	0.0241052
0.0944214	0.0206127
0.0955322	0.0272519
0.0966431	0.0270585
0.0977539	0.0304315
0.0988647	0.0274556
0.0999756	0.0234204
0.101086	0.0182061
0.102197	0.0166008
0.103308	0.0137971
0.104419	0.0301233
0.10553	0.0331011
0.106641	0.0313145
0.107751	0.0306602
0.108862	0.0284476
0.109973	0.00916082
0.111084	0.00694046
0.112195	0.0069584
0.113306	0.014784
0.114417	0.0186197
0.115527	0.0215231
0.116638	0.0276443
0.117749	0.0278452
0.11886	0.0206564
0.119971	0.0204406
0.121082	0.0204172
0.122192	0.0158994
0.123303	0.0190914
0.124414	0.0192573
0.125525	0.0194911
0.126636	0.017923
0.127747	0.0145634
0.128857	0.0134414
0.129968	0.0122331
0.131079	0.0122785
0.13219	0.0151279
0.133301	0.0164361
0.134412	0.0180305
0.135522	0.0178014
0.136633	0.0164438
0.137744	0.0228694
0.138855	0.0268787
0.139966	0.0375699
0.141077	0.0385826
0.142187	0.0435361
0.143298	0.0368269
0.144409	0.0334139
0.14552	0.0292335
0.146631	0.0297204
0.147742	0.0276738
0.148853	0.0276469
0.149963	0.0305646
0.151074	0.0249507
0.152185	0.0375871
0.153296	0.0363507
0.154407	0.0337566
0.155518	0.0308822
0.156628	0.0307897
0.157739	0.0171667
0.15885	0.0138104
0.159961	0.0157455
0.161072	0.0230113
0.162183	0.0273198
0.163293	0.0337826
0.164404	0.0373308
0.165515	0.0355976
0.166626	0.0277519
0.167737	0.0169923
0.168848	0.014673
0.169958	0.0123184
0.171069	0.0163575
0.17218	0.0298173
0.173291	0.033631
0.174402	0.0329041
0.175513	0.0412173
0.176624	0.0433746
0.177734	0.0361449
0.178845	0.0358253
0.179956	0.0383176
0.181067	0.0357228
0.182178	0.0318165
0.183289	0.03902
0.184399	0.0406777
0.18551	0.0389514
0.186621	0.036942
0.187732	0.0380911
0.188843	0.027605
0.189954	0.0254889
0.191064	0.0255997
0.192175	0.023914
0.193286	0.0230285
0.194397	0.023745
0.195508	0.032425
0.196619	0.0307663
0.197729	0.0297334
0.19884	0.0326051
0.199951	0.0286533
0.201062	0.0267852
0.202173	0.0372165
0.203284	0.0386186
0.204395	0.0398557
0.205505	0.0437271
0.206616	0.0403675
0.207727	0.0590842
0.208838	0.0692023
0.209949	0.0636287
0.21106	0.061508
0.21217	0.0644193
0.213281	0.0323055
0.214392	0.0211014
0.215503	0.0238224
0.216614	0.0237733
0.217725	0.0186251
0.218835	0.0236751
0.219946	0.0232447
0.221057	0.0325402
0.222168	0.0340794
0.223279	0.0302398
0.22439	0.0330759
0.2255	0.0386731
0.226611	0.026713
0.227722	0.0275897
0.228833	0.0296062
0.229944	0.0263591
0.231055	0.0235929
0.232166	0.0291303
0.233276	0.0310234
0.234387	0.0426284
0.235498	0.0377105
0.236609	0.0360104
0.23772	0.0423342
0.238831	0.0411776
0.239941	0.0317216
0.241052	0.0383607
0.242163	0.0385809
0.243274	0.0265344
0.244385	0.030771
0.245496	0.0269482
0.246606	0.0228805
0.247717	0.0266716
0.248828	0.0490995
0.249939	0.050491
0.25105	0.0577414
0.252161	0.0579962
0.253271	0.0590316
0.254382	0.0401746
0.255493	0.042096
0.256604	0.0368806
0.257715	0.0424438
0.258826	0.0414215
0.259937	0.0432772
0.261047	0.0339786
0.262158	0.0348114
0.263269	0.0302267
0.26438	0.0288259
0.265491	0.025417
0.266602	0.0233846
0.267712	0.0251765
0.268823	0.0361415
0.269934	0.03671
0.271045	0.0335777
0.272156	0.0486491
0.273267	0.0505082
0.274377	0.0448315
0.275488	0.0500588
0.276599	0.0489704
0.27771	0.0430332
0.278821	0.0375879
0.279932	0.0304136
0.281042	0.0309775
0.282153	0.0424711
0.283264	0.0485387
0.284375	0.0549723
0.285486	0.0606392
0.286597	0.0554266
0.287708	0.0509387
0.288818	0.039733
0.289929	0.0312167
0.29104	0.0306671
0.292151	0.0305357
0.293262	0.0235745
0.294373	0.0264052
0.295483	0.0349556
0.296594	0.034019
0.297705	0.0330297
0.298816	0.0370991
0.299927	0.0318692
0.301038	0.0317756
0.302148	0.0269089
0.303259	0.0258121
0.30437	0.022876
0.305481	0.0218468
0.306592	0.0229644
0.307703	0.0229402
0.308813	0.0242376
0.309924	0.0249557
0.311035	0.0271548
0.312146	0.0250026
0.313257	0.0245515
0.314368	0.0328212
0.315479	0.0358525
0.316589	0.0343606
0.3177	0.0345147
0.318811	0.0365088
0.319922	0.0367208
0.321033	0.0356774
0.322144	0.0349978
0.323254	0.0314586
0.324365	0.0345258
0.325476	0.0265995
0.326587	0.036349
0.327698	0.0465567
0.328809	0.0521036
0.329919	0.0481314
0.33103	0.056375
0.332141	0.0568915
0.333252	0.0529559
0.334363	0.0493309
0.335474	0.0491101
0.336584	0.0410949
0.337695	0.0272342
0.338806	0.0296134
0.339917	0.0307824
0.341028	0.0321435
0.342139	0.0295399
0.34325	0.0381208
0.34436	0.0295659
0.345471	0.0311876
0.346582	0.0383562
0.347693	0.0413608
0.348804	0.0406722
0.349915	0.0428773
0.351025	0.0357789
0.352136	0.0296326
0.353247	0.0294779
0.354358	0.0242097
0.355469	0.0230458
0.35658	0.0245549
0.35769	0.0217538
0.358801	0.0175631
0.359912	0.0218429
0.361023	0.0224502
0.362134	0.0227505
0.363245	0.026515
0.364355	0.0350741
0.365466	0.0275068
0.366577	0.0279911
0.367688	0.0302142
0.368799	0.0306718
0.36991	0.0217474
0.371021	0.0313281
0.372131	0.0454137
0.373242	0.0576283
0.374353	0.0597852
0.375464	0.0636027
0.376575	0.0578851
0.377686	0.0418264
0.378796	0.0269967
0.379907	0.0332504
0.381018	0.0304549
0.382129	0.0390711
0.38324	0.0389397
0.384351	0.0449433
0.385461	0.0355349
0.386572	0.0387579
0.387683	0.029047
0.388794	0.0281791
0.389905	0.021494
0.391016	0.0306674
0.392126	0.0333059
0.393237	0.0393906
0.394348	0.0410266
0.395459	0.0415737
0.39657	0.0294311
0.397681	0.0221951
0.398792	0.0311645
0.399902	0.0366593
0.401013	0.0409361
0.402124	0.0406813
0.403235	0.0492769
0.404346	0.0393203
0.405457	0.0335665
0.406567	0.0283362
0.407678	0.032167
0.408789	0.0362415
0.4099	0.0302326
0.411011	0.0296296
0.412122	0.0296922
0.413232	0.0294178
0.414343	0.0221738
0.415454	0.030442
0.416565	0.031637
0.417676	0.04041
0.418787	0.0491105
0.419897	0.0586836
0.421008	0.0548894
0.422119	0.0692033
0.42323	0.0614614
0.424341	0.0487273
0.425452	0.0373973
0.426563	0.0419548
0.427673	0.0254407
0.428784	0.0292499
0.429895	0.0425529
0.431006	0.0525223
0.432117	0.0489939
0.433228	0.0562
0.434338	0.056231
0.435449	0.0464147
0.43656	0.0385479
0.437671	0.0365095
0.438782	0.0408081
0.439893	0.0394702
0.441003	0.0373107
0.442114	0.0350848
0.443225	0.046559
0.444336	0.0373219
0.445447	0.0363919
0.446558	0.0385939
0.447668	0.0383242
0.448779	0.0287518
0.44989	0.0312725
0.451001	0.0355304
0.452112	0.0316672
0.453223	0.0302258
0.454333	0.0262921
0.455444	0.0288835
0.456555	0.0273957
0.457666	0.0446298
0.458777	0.0418734
0.459888	0.0412525
0.460999	0.0420841
0.462109	0.0403624
0.46322	0.0298538
0.464331	0.0349524
0.465442	0.0337428
0.466553	0.0349451
0.467664	0.0340746
0.468774	0.0319042
0.469885	0.0282097
0.470996	0.0368105
0.472107	0.0385894
0.473218	0.0440522
0.474329	0.0476348
0.475439	0.0523432
0.47655	0.0441783
0.477661	0.0353462
0.478772	0.031742
0.479883	0.0313246
0.480994	0.0372876
0.482104	0.0388743
0.483215	0.0520389
0.484326	0.0510069
0.485437	0.0454225
0.486548	0.0424533
0.487659	0.0418627
0.48877	0.032954
0.48988	0.0319771
0.490991	0.0329824
0.492102	0.0277009
0.493213	0.0274884
0.494324	0.0226686
0.495435	0.0185333
0.496545	0.0211803
0.497656	0.0222887
0.498767	0.0202963
0.499878	0.0185317
0.500989	0.0180557
0.5021	0.0217131
0.50321	0.0233665
0.504321	0.0226207
0.505432	0.0292695
0.506543	0.0329423
0.507654	0.035508
0.508765	0.0353382
0.509875	0.0468829
0.510986	0.0397995
0.512097	0.0420646
0.513208	0.0290192
0.514319	0.035555
0.51543	0.023043
0.516541	0.0232455
0.517651	0.0211531
0.518762	0.0242947
0.519873	0.0137206
0.520984	0.0169664
0.522095	0.0209137
0.523206	0.0348988
0.524316	0.0350359
0.525427	0.0369558
0.526538	0.0368867
0.527649	0.0376175
0.52876	0.0245271
0.529871	0.0266655
0.530981	0.0283273
0.532092	0.0320368
0.533203	0.0278324
0.534314	0.0236763
0.535425	0.0219215
0.536536	0.0256925
0.537646	0.0323948
0.538757	0.0376637
0.539868	0.0464466
0.540979	0.0453999
0.54209	0.0454379
0.543201	0.0389583
0.544312	0.0445049
0.545422	0.039392
0.546533	0.0449771
0.547644	0.0395945
0.548755	0.0490041
0.549866	0.0442001
0.550977	0.0463062
0.552087	0.0384344
0.553198	0.0373418
0.554309	0.0349118
0.55542	0.0315944
0.556531	0.0295702
0.557642	0.0335143
0.558752	0.0422087
0.559863	0.0318478
0.560974	0.033811
0.562085	0.0330651
0.563196	0.0311713
0.564307	0.0227037
0.565417	0.0194148
0.566528	0.0192071
0.567639	0.0204504
0.56875	0.0252306
0.569861	0.0292117
0.570972	0.0309047
0.572083	0.036792
0.573193	0.0351637
0.574304	0.0315799
0.575415	0.0296516
0.576526	0.0279277
0.577637	0.0183766
0.578748	0.0203976
0.579858	0.0237211
0.580969	0.0302682
0.58208	0.0322745
0.583191	0.0395198
0.584302	0.0356366
0.585413	0.0301084
0.586523	0.0187098
0.587634	0.01693
0.588745	0.0124546
0.589856	0.0258703
0.590967	0.0280139
0.592078	0.0343719
0.593188	0.0373474
0.594299	0.0499615
0.59541	0.0359787
0.596521	0.0363302
0.597632	0.0367325
0.598743	0.0430866
0.599854	0.0310895
0.600964	0.0323532
0.602075	0.0330219
0.603186	0.0283797
0.604297	0.0217674
0.605408	0.0261898
0.606519	0.0272742
0.607629	0.0246616
0.60874	0.0265527
0.609851	0.0306249
0.610962	0.0235798
0.612073	0.0260249
0.613184	0.0264762
0.614294	0.0275037
0.615405	0.0247142
0.616516	0.0324013
0.617627	0.0312371
0.618738	0.0363026
0.619849	0.0349564
0.620959	0.0393441
0.62207	0.0325235
0.623181	0.0303511
0.624292	0.0269053
0.625403	0.023222
0.626514	0.0140338
0.627625	0.0121294
0.628735	0.0159693
0.629846	0.0123076
0.630957	0.0153099
0.632068	0.0211706
0.633179	0.0221843
0.63429	0.0194094
0.6354	0.0334155
0.636511	0.0310547
0.637622	0.0254087
0.638733	0.024052
0.639844	0.0249171
0.640955	0.0144019
0.642065	0.0195007
0.643176	0.0252796
0.644287	0.0436443
0.645398	0.0462243
0.646509	0.0451226
0.64762	0.0423547
0.64873	0.0469678
0.649841	0.0293542
0.650952	0.0288193
0.652063	0.0337583
0.653174	0.0331203
0.654285	0.0375437
0.655396	0.0347585
0.656506	0.0336811
0.657617	0.0274125
0.658728	0.0287203
0.659839	0.0160624
0.66095	0.0242303
0.662061	0.0221854
0.663171	0.0275235
0.664282	0.0291336
0.665393	0.0320844
0.666504	0.0264189
0.667615	0.0265796
0.668726	0.0206061
0.669836	0.018151
0.670947	0.0135456
0.672058	0.0132049
0.673169	0.0151503
0.67428	0.0169311
0.675391	0.0163992
0.676501	0.0156195
0.677612	0.0154461
0.678723	0.0155693
0.679834	0.0185294
0.680945	0.0214659
0.682056	0.0237429
0.683167	0.0285089
0.684277	0.0249481
0.685388	0.0230943
0.686499	0.0219041
0.68761	0.0257623
0.688721	0.0211867
0.689832	0.0360743
0.690942	0.0375061
0.692053	0.0355842
0.693164	0.0357215
0.694275	0.0424759
0.695386	0.0288643
0.696497	0.0338771
0.697607	0.0333903
0.698718	0.0290758
0.699829	0.0244909
0.70094	0.023749
0.702051	0.0152092
0.703162	0.015599
0.704272	0.0181639
0.705383	0.0149791
0.706494	0.0126925
0.707605	0.0115824
0.708716	0.0108883
0.709827	0.00833605
0.710938	0.0103375
0.712048	0.0121983
0.713159	0.0148816
0.71427	0.0196782
0.715381	0.0218517
0.716492	0.0209599
0.717603	0.0255907
0.718713	0.0314289
0.719824	0.0272855
0.720935	0.0244457
0.722046	0.0260721
0.723157	0.0209998
0.724268	0.0144039
0.725378	0.0224214
0.726489	0.0291965
0.7276	0.0289775
0.728711	0.0347547
0.729822	0.035986
0.730933	0.0306015
0.732043	0.0231436
0.733154	0.0225556
0.734265	0.0160442
0.735376	0.0151569
0.736487	0.0122204
0.737598	0.0144171
0.738708	0.0139442
0.739819	0.0190084
0.74093	0.0158734
0.742041	0.0156375
0.743152	0.0123777
0.744263	0.0178489
0.745374	0.0173312
0.746484	0.0189277
0.747595	0.0180433
0.748706	0.0193698
0.749817	0.0122176
0.750928	0.00740347
0.752039	0.00834462
0.753149	0.0105835
0.75426	0.0151208
0.755371	0.0152521
0.756482	0.0179253
0.757593	0.0167006
0.758704	0.0203101
0.759814	0.0165741
0.760925	0.0224431
0.762036	0.019718
0.763147	0.0255455
0.764258	0.024131
0.765369	0.0246976
0.766479	0.019547
0.76759	0.0222913
0.768701	0.0156596
0.769812	0.0157634
0.770923	0.0167774
0.772034	0.0214339
0.773145	0.0243628
0.774255	0.0290657
0.775366	0.0267396
0.776477	0.0282954
0.777588	0.0244924
0.778699	0.0206989
0.77981	0.0161551
0.78092	0.0163603
0.782031	0.0145629
0.783142	0.0126227
0.784253	0.0123343
0.785364	0.014981
0.786475	0.0141564
0.787585	0.0120693
0.788696	0.0126534
0.789807	0.0115463
0.790918	0.011248
0.792029	0.0102736
0.79314	0.0120059
0.79425	0.0146352
0.795361	0.0171056
0.796472	0.016425
0.797583	0.0201741
0.798694	0.0189743
0.799805	0.0165017
0.800916	0.017354
0.802026	0.0178336
0.803137	0.015436
0.804248	0.0185923
0.805359	0.0182287
0.80647	0.015209
0.807581	0.0188951
0.808691	0.0171291
0.809802	0.0112159
0.810913	0.0122452
0.812024	0.0151169
0.813135	0.0116863
0.814246	0.0123413
0.815356	0.0142445
0.816467	0.0155135
0.817578	0.0143772
0.818689	0.0160043
0.8198	0.018013
0.820911	0.0170742
0.822021	0.0142227
0.823132	0.0144615
0.824243	0.0121713
0.825354	0.011395
0.826465	0.017802
0.827576	0.0200686
0.828687	0.0253858
0.829797	0.0237593
0.830908	0.0223028
0.832019	0.0164799
0.83313	0.0147373
0.834241	0.0106532
0.835352	0.01086
0.836462	0.0131967
0.837573	0.012147
0.838684	0.0131047
0.839795	0.0119716
0.840906	0.0114071
0.842017	0.0103296
0.843127	0.0110649
0.844238	0.00996831
0.845349	0.00770712
0.84646	0.00900109
0.847571	0.00699915
0.848682	0.00756303
0.849792	0.00692407
0.850903	0.00680669
0.852014	0.015865
0.853125	0.0174926
0.854236	0.0171724
0.855347	0.0206743
0.856458	0.0227469
0.857568	0.0150417
0.858679	0.0199263
0.85979	0.0197651
0.860901	0.0180301
0.862012	0.0179525
0.863123	0.0186433
0.864233	0.0142068
0.865344	0.0159136
0.866455	0.0141323
0.867566	0.0124024
0.868677	0.018769
0.869788	0.0209723
0.870898	0.0188328
0.872009	0.0187546
0.87312	0.0191225
0.874231	0.0115991
0.875342	0.0133191
0.876453	0.0155794
0.877563	0.0180896
0.878674	0.0171697
0.879785	0.0188113
0.880896	0.0143338
0.882007	0.0120779
0.883118	0.0113728
0.884229	0.0143572
0.885339	0.0121468
0.88645	0.0109444
0.887561	0.0117317
0.888672	0.00922224
0.889783	0.00779936
0.890894	0.010236
0.892004	0.0123622
0.893115	0.0122078
0.894226	0.0159397
0.895337	0.0144498
0.896448	0.012408
0.897559	0.0142214
0.898669	0.0156881
0.89978	0.0130062
0.900891	0.0167358
0.902002	0.0153959
0.903113	0.0139785
0.904224	0.0173117
0.905334	0.0216738
0.906445	0.0181788
0.907556	0.0187824
0.908667	0.0205703
0.909778	0.0163327
0.910889	0.0120668
0.912	0.012424
0.91311	0.0136479
0.914221	0.0102127
0.915332	0.00898071
0.916443	0.00971599
0.917554	0.0112755
0.918665	0.00875687
0.919775	0.00882056
0.920886	0.0097647
0.921997	0.00917663
0.923108	0.0117463
0.924219	0.0115572
0.92533	0.0135734
0.92644	0.0121978
0.927551	0.0112665
0.928662	0.00808461
0.929773	0.0120537
0.930884	0.0114701
0.931995	0.0133121
0.933105	0.013951
0.934216	0.0123444
0.935327	0.0100412
0.936438	0.00854966
0.937549	0.00910373
0.93866	0.01096
0.939771	0.0118379
0.940881	0.0140345
0.941992	0.016622
0.943103	0.0144832
0.944214	0.0137358
0.945325	0.0164377
0.946436	0.0132989
0.947546	0.0112248
0.948657	0.0124966
0.949768	0.0114974
0.950879	0.0104686
0.95199	0.00978343
0.953101	0.00901784
0.954211	0.00853195
0.955322	0.00944961
0.956433	0.00892912
0.957544	0.00896144
0.958655	0.00925507
0.959766	0.00859573
0.960876	0.00681776
0.961987	0.00666389
0.963098	0.00754379
0.964209	0.00630681
0.96532	0.00788136
0.966431	0.00979816
0.967542	0.00919178
0.968652	0.00838288
0.969763	0.0131764
0.970874	0.0117085
0.971985	0.0119947
0.973096	0.0104744
0.974207	0.0132131
0.975317	0.00942058
0.976428	0.0108176
0.977539	0.00998918
0.97865	0.0105286
0.979761	0.0118861
0.980872	0.0116497
0.981982	0.00966994
0.983093	0.00871536
0.984204	0.0105683
0.985315	0.00799511
0.986426	0.01223
0.987537	0.0120996
0.988647	0.012884
0.989758	0.0154496
0.990869	0.0158393
0.99198	0.0125647
0.993091	0.013057
0.994202	0.0127151
0.995313	0.00798202
0.996423	0.00568189
0.997534	0.00484999
0.998645	0.0045904
0.999756	0.00541632
1.00087	0.00604069
1.00198	0.00606266
1.00309	0.00902065
1.0042	0.0113802
1.00531	0.00999323
1.00642	0.0101175
1.00753	0.0114034
1.00864	0.00843111
1.00975	0.00873827
1.01086	0.00952526
1.01198	0.00993562
1.01309	0.00834022
1.0142	0.00835203
1.01531	0.00607579
1.01642	0.00635157
1.01753	0.0056059
1.01864	0.00805537
1.01975	0.00866545
1.02086	0.00787608
1.02197	0.00816214
1.02308	0.00749964
1.02419	0.00530596
1.02531	0.00582126
1.02642	0.00790508
1.02753	0.00686169
1.02864	0.00686345
1.02975	0.00689315
1.03086	0.00862779
1.03197	0.00870132
1.03308	0.0103938
1.03419	0.0108326
1.0353	0.0115736
1.03641	0.00870517
1.03752	0.00739316
1.03864	0.00613914
1.03975	0.00607096
1.04086	0.00944968
1.04197	0.0117717
1.04308	0.0111525
1.04419	0.011303
1.0453	0.0119929
1.04641	0.00818805
1.04752	0.00782581
1.04863	0.00849894
1.04974	0.00758008
1.05085	0.00704422
1.05197	0.0072126
1.05308	0.00475811
1.05419	0.00550416
1.0553	0.00559711
1.05641	0.00824528
1.05752	0.00867439
1.05863	0.00887717
1.05974	0.00864448
1.06085	0.0110057
1.06196	0.00994858
1.06307	0.00915449
1.06418	0.0112965
1.0653	0.0102053
1.06641	0.00830373
1.06752	0.00814168
1.06863	0.00964109
1.06974	0.00802044
1.07085	0.00787971
1.07196	0.00954634
1.07307	0.00756752
1.07418	0.00994007
1.07529	0.00905358
1.0764	0.0117829
1.07751	0.0107349
1.07863	0.0120592
1.07974	0.00849435
1.08085	0.00968659
1.08196	0.00957556
1.08307	0.00929739
1.08418	0.009105
1.08529	0.00943894
1.0864	0.00948515
1.08751	0.00776581
1.08862	0.00756409
1.08973	0.007207
1.09084	0.00905706
1.09196	0.00723324
1.09307	0.00911275
1.09418	0.00921497
1.09529	0.00917003
1.0964	0.00743297
1.09751	0.0105023
1.09862	0.00962195
1.09973	0.00909342
1.10084	0.00829517
1.10195	0.00868756
1.10306	0.00616539
1.10417	0.00480721
1.10529	0.00594042
1.1064	0.00671404
1.10751	0.00718544
1.10862	0.00826827
1.10973	0.0076911
1.11084	0.00678485
1.11195	0.00653551
1.11306	0.00526409
1.11417	0.0048295
1.11528	0.0057224
1.11639	0.00629577
1.1175	0.00725478
1.11862	0.0097294
1.11973	0.00897413
1.12084	0.00971342
1.12195	0.010457
1.12306	0.011158
1.12417	0.00889815
1.12528	0.009974
1.12639	0.0120483
1.1275	0.0117566
1.12861	0.0115371
1.12972	0.0122528
1.13083	0.011875
1.13195	0.00799106
1.13306	0.00648047
1.13417	0.00585008
1.13528	0.00458553
1.13639	0.00364307
1.1375	0.00422644
1.13861	0.00504828
1.13972	0.00483941
1.14083	0.00571321
1.14194	0.00671049
1.14305	0.00598225
1.14417	0.00547129
1.14528	0.00746826
1.14639	0.00634933
1.1475	0.00493858
1.14861	0.00580024
1.14972	0.00615325
1.15083	0.00413519
1.15194	0.00434047
1.15305	0.00564514
1.15416	0.00617812
1.15527	0.00738075
1.15638	0.00646498
1.1575	0.00663914
1.15861	0.00701101
1.15972	0.0068882
1.16083	0.00569153
1.16194	0.00609369
1.16305	0.00627555
1.16416	0.00564676
1.16527	0.00502618
1.16638	0.00543705
1.16749	0.00528995
1.1686	0.00513117
1.16971	0.00483076
1.17083	0.00594568
1.17194	0.00628317
1.17305	0.00832866
1.17416	0.00825814
1.17527	0.00891986
1.17638	0.00753005
1.17749	0.0088116
1.1786	0.00692769
1.17971	0.00673557
1.18082	0.00665292
1.18193	0.00649938
1.18304	0.00954407
1.18416	0.00893587
1.18527	0.00871487
1.18638	0.00995368
1.18749	0.0110547
1.1886	0.00632911
1.18971	0.0061965
1.19082	0.00679592
1.19193	0.00534197
1.19304	0.00510215
1.19415	0.00544657
1.19526	0.00551673
1.19637	0.00546897
1.19749	0.00507656
1.1986	0.00792015
1.19971	0.00875385
1.20082	0.00933329
1.20193	0.0090291
1.20304	0.00833389
1.20415	0.00828997
1.20526	0.00631222
1.20637	0.00581292
1.20748	0.00656568
1.20859	0.0065701
1.2097	0.00277779
1.21082	0.0024107
1.21193	0.0025135
1.21304	0.00243058
1.21415	0.00369651
1.21526	0.00917307
1.21637	0.00937399
1.21748	0.0100689
1.21859	0.0106936
1.2197	0.0101856
1.22081	0.00582338
1.22192	0.00805009
1.22303	0.00881471
1.22415	0.00878002
1.22526	0.00939513
1.22637	0.0088337
1.22748	0.00900375
1.22859	0.00763706
1.2297	0.00604502
1.23081	0.00731801
1.23192	0.00768888
1.23303	0.00571556
1.23414	0.00652505
1.23525	0.00670546
1.23636	0.00618041
1.23748	0.00539355
1.23859	0.00630517
1.2397	0.00626268
1.24081	0.00644601
1.24192	0.00503361
1.24303	0.00507971
1.24414	0.00483759
1.24525	0.00487706
1.24636	0.00464617
1.24747	0.00578786
1.24858	0.00572188
1.24969	0.00508765
1.25081	0.00599882
1.25192	0.00652191
1.25303	0.00514156
1.25414	0.00537864
1.25525	0.00494091
1.25636	0.00350974
1.25747	0.0032718
1.25858	0.00335019
1.25969	0.00465749
1.2608	0.00688421
1.26191	0.00644664
1.26302	0.00712117
1.26414	0.00732564
1.26525	0.00589507
1.26636	0.00474944
1.26747	0.00520918
1.26858	0.00460371
1.26969	0.00409195
1.2708	0.00597127
1.27191	0.00571085
1.27302	0.0055365
1.27413	0.00610789
1.27524	0.00649756
1.27635	0.00561291
1.27747	0.00467467
1.27858	0.00473957
1.27969	0.00380275
1.2808	0.00385922
1.28191	0.00357927
1.28302	0.00427525
1.28413	0.00522458
1.28524	0.00577792
1.28635	0.00583221
1.28746	0.00539718
1.28857	0.00539844
1.28969	0.00418345
1.2908	0.00366955
1.29191	0.00373371
1.29302	0.00338286
1.29413	0.00271398
1.29524	0.00400794
1.29635	0.00454912
1.29746	0.00400535
1.29857	0.00479426
1.29968	0.00807892
1.30079	0.0114961
1.3019	0.0128151
1.30302	0.0160634
1.30413	0.0173083
1.30524	0.0143515
1.30635	0.0107416
1.30746	0.00969517
1.30857	0.00669089
1.30968	0.00545
1.31079	0.00705332
1.3119	0.00599777
1.31301	0.00563139
1.31412	0.00518637
1.31523	0.00713813
1.31635	0.00546169
1.31746	0.00576638
1.31857	0.00570694
1.31968	0.00725614
1.32079	0.00512687
1.3219	0.00469527
1.32301	0.00457048
1.32412	0.00428291
1.32523	0.00282604
1.32634	0.00342598
1.32745	0.00407151
1.32856	0.0040087
1.32968	0.00480933
1.33079	0.00664788
1.3319	0.00540084
1.33301	0.00482672
1.33412	0.00595877
1.33523	0.00524631
1.33634	0.0055102
1.33745	0.00585698
1.33856	0.00581667
1.33967	0.00505246
1.34078	0.0049634
1.34189	0.00291176
1.34301	0.00326293
1.34412	0.0041111
1.34523	0.00597126
1.34634	0.00589757
1.34745	0.00684579
1.34856	0.00775305
1.34967	0.00709221
1.35078	0.00694077
1.35189	0.00770833
1.353	0.0075634
1.35411	0.00633271
1.35522	0.00766406
1.35634	0.00578597
1.35745	0.00530186
1.35856	0.00511572
1.35967	0.00531964
1.36078	0.00483684
1.36189	0.00423911
1.363	0.00416994
1.36411	0.00330867
1.36522	0.00287918
1.36633	0.00372905
1.36744	0.00395918
1.36855	0.00476379
1.36967	0.00552545
1.37078	0.00563164
1.37189	0.00381474
1.373	0.00479779
1.37411	0.00424131
1.37522	0.00367403
1.37633	0.00323493
1.37744	0.00450094
1.37855	0.00368623
1.37966	0.00331692
1.38077	0.00417957
1.38188	0.0062922
1.383	0.00663044
1.38411	0.00692862
1.38522	0.00704049
1.38633	0.00619849
1.38744	0.00632592
1.38855	0.00568362
1.38966	0.00556663
1.39077	0.00618972
1.39188	0.00608152
1.39299	0.00490769
1.3941	0.00442201
1.39521	0.00412259
1.39633	0.00485836
1.39744	0.0046863
1.39855	0.00405942
1.39966	0.00390656
1.40077	0.00439527
1.40188	0.00460031
1.40299	0.00477958
1.4041	0.00470573
1.40521	0.00488248
1.40632	0.00442025
1.40743	0.00291054
1.40854	0.00359465
1.40966	0.00345012
1.41077	0.00406654
1.41188	0.00439175
1.41299	0.00408377
1.4141	0.00548705
1.41521	0.00642036
1.41632	0.00643432
1.41743	0.00604707
1.41854	0.00753598
1.41965	0.00533693
1.42076	0.00430244
1.42188	0.00395356
1.42299	0.00539746
1.4241	0.00476756
1.42521	0.00508597
1.42632	0.00536887
1.42743	0.00580733
1.42854	0.00436514
1.42965	0.00368248
1.43076	0.00423285
1.43187	0.0050964
1.43298	0.0057253
1.43409	0.00746642
1.43521	0.00840443
1.43632	0.00830088
1.43743	0.00710427
1.43854	0.00580266
1.43965	0.00433483
1.44076	0.00418329
1.44187	0.00359665
1.44298	0.00481254
1.44409	0.00429304
1.4452	0.00432877
1.44631	0.00379168
1.44742	0.00418211
1.44854	0.00330754
1.44965	0.00368675
1.45076	0.00341325
1.45187	0.00710809
1.45298	0.00770449
1.45409	0.00901446
1.4552	0.0086476
1.45631	0.00882959
1.45742	0.00540278
1.45853	0.00443371
1.45964	0.00298261
1.46075	0.00432464
1.46187	0.00454315
1.46298	0.00366843
1.46409	0.00487579
1.4652	0.00554449
1.46631	0.00420465
1.46742	0.00344093
1.46853	0.00398212
1.46964	0.00431942
1.47075	0.00483448
1.47186	0.00611281
1.47297	0.00697384
1.47408	0.00664698
1.4752	0.0050152
1.47631	0.00400535
1.47742	0.00282927
1.47853	0.00235128
1.47964	0.00310938
1.48075	0.00370544
1.48186	0.00351374
1.48297	0.00431468
1.48408	0.00433587
1.48519	0.00638415
1.4863	0.00861323
1.48741	0.00854534
1.48853	0.00871309
1.48964	0.00889891
1.49075	0.00637339
1.49186	0.0032645
1.49297	0.00377586
1.49408	0.00265611
1.49519	0.00242909
1.4963	0.00258335
1.49741	0.00400377
1.49852	0.00382704
1.49963	0.00447676
1.50074	0.00445861
1.50186	0.00442981
1.50297	0.00338572
1.50408	0.00402065
1.50519	0.00353348
1.5063	0.00453664
1.50741	0.00478039
1.50852	0.00626755
1.50963	0.00582309
1.51074	0.00644106
1.51185	0.00526433
1.51296	0.00523446
1.51407	0.00465997
1.51519	0.00424402
1.5163	0.00334938
1.51741	0.00477808
1.51852	0.00468459
1.51963	0.00632052
1.52074	0.00669234
1.52185	0.00875837
1.52296	0.00728553
1.52407	0.00789121
1.52518	0.00576938
1.52629	0.00559437
1.5274	0.0039388
1.52852	0.00506447
1.52963	0.00418276
1.53074	0.00463369
1.53185	0.00432412
1.53296	0.00569096
1.53407	0.00464403
1.53518	0.00583492
1.53629	0.00469455
1.5374	0.00539318
1.53851	0.00399712
1.53962	0.00420917
1.54073	0.00273904
1.54185	0.00317843
1.54296	0.00291643
1.54407	0.00311061
1.54518	0.00307182
1.54629	0.00353886
1.5474	0.00345906
1.54851	0.00383887
1.54962	0.00317372
1.55073	0.00311459
1.55184	0.00653475
1.55295	0.00680282
1.55406	0.00607808
1.55518	0.0061214
1.55629	0.00609018
1.5574	0.00263034
1.55851	0.00360132
1.55962	0.00431218
1.56073	0.00468401
1.56184	0.00507252
1.56295	0.00723497
1.56406	0.00599187
1.56517	0.00649313
1.56628	0.00600704
1.5674	0.00559391
1.56851	0.00353801
1.56962	0.00498737
1.57073	0.00393855
1.57184	0.00461695
1.57295	0.00571601
1.57406	0.00562243
1.57517	0.0047964
1.57628	0.00572465
1.57739	0.00641863
1.5785	0.00555436
1.57961	0.00570647
1.58073	0.0054584
1.58184	0.0046964
1.58295	0.00406695
1.58406	0.00501931
1.58517	0.00438851
1.58628	0.00386246
1.58739	0.00317591
1.5885	0.0030701
1.58961	0.00197782
1.59072	0.00264122
1.59183	0.00297538
1.59294	0.00338184
1.59406	0.00289321
1.59517	0.00427485
1.59628	0.00376478
1.59739	0.00499145
1.5985	0.00605983
1.59961	0.00588267
1.60072	0.00474504
1.60183	0.00454731
1.60294	0.00254016
1.60405	0.00207327
1.60516	0.00400565
1.60627	0.004318
1.60739	0.00486493
1.6085	0.00509165
1.60961	0.0049954
1.61072	0.0035152
1.61183	0.00388801
1.61294	0.00469237
1.61405	0.00521315
1.61516	0.00595024
1.61627	0.00636617
1.61738	0.00555887
1.61849	0.00441609
1.6196	0.00387692
1.62072	0.00240832
1.62183	0.00334576
1.62294	0.00549164
1.62405	0.00566915
1.62516	0.00897249
1.62627	0.00952396
1.62738	0.0095802
1.62849	0.00787961
1.6296	0.00920914
1.63071	0.00699641
1.63182	0.00723348
1.63293	0.005902
1.63405	0.00532764
1.63516	0.00448021
1.63627	0.00537568
1.63738	0.00590554
1.63849	0.00612764
1.6396	0.00770506
1.64071	0.00833703
1.64182	0.00659648
1.64293	0.00566975
1.64404	0.00537213
1.64515	0.00554082
1.64626	0.00427217
1.64738	0.00680547
1.64849	0.00665371
1.6496	0.00684222
1.65071	0.00511878
1.65182	0.00558056
1.65293	0.00290468
1.65404	0.0035604
1.65515	0.00348293
1.65626	0.00372771
1.65737	0.00347165
1.65848	0.00489757
1.65959	0.00393178
1.66071	0.00496526
1.66182	0.00666404
1.66293	0.00666946
1.66404	0.00598573
1.66515	0.00677429
1.66626	0.00599962
1.66737	0.00443684
1.66848	0.00436107
1.66959	0.00456201
1.6707	0.00482791
1.67181	0.00480617
1.67292	0.00576437
1.67404	0.00610454
1.67515	0.00542722
1.67626	0.00500608
1.67737	0.00504582
1.67848	0.00442983
1.67959	0.00413307
1.6807	0.00466191
1.68181	0.0041493
1.68292	0.00341944
1.68403	0.0028025
1.68514	0.00283094
1.68625	0.00341999
1.68737	0.00363739
1.68848	0.0040441
1.68959	0.00449858
1.6907	0.00407691
1.69181	0.00296399
1.69292	0.00334338
1.69403	0.0048048
1.69514	0.00400738
1.69625	0.00589805
1.69736	0.00628402
1.69847	0.00567611
1.69958	0.00418637
1.7007	0.00529587
1.70181	0.00317409
1.70292	0.00420475
1.70403	0.00502398
1.70514	0.00530014
1.70625	0.00419471
1.70736	0.00534929
1.70847	0.0036885
1.70958	0.00442403
1.71069	0.00607343
1.7118	0.00681204
1.71292	0.00601632
1.71403	0.00621148
1.71514	0.00492102
1.71625	0.00385288
1.71736	0.00394027
1.71847	0.00505236
1.71958	0.00601641
1.72069	0.00625451
1.7218	0.00500557
1.72291	0.00472012
1.72402	0.00382355
1.72513	0.00273718
1.72625	0.00231455
1.72736	0.00297516
1.72847	0.0030175
1.72958	0.00345705
1.73069	0.00398375
1.7318	0.00395753
1.73291	0.00448551
1.73402	0.00401929
1.73513	0.00383735
1.73624	0.00558346
1.73735	0.006702
1.73846	0.00593579
1.73958	0.0077386
1.74069	0.00708557
1.7418	0.00527058
1.74291	0.00436602
1.74402	0.00437867
1.74513	0.00295781
1.74624	0.00356346
1.74735	0.00284577
1.74846	0.00250473
1.74957	0.00273338
1.75068	0.00263787
1.75179	0.00231714
1.75291	0.00291726
1.75402	0.00326517
1.75513	0.00462331
1.75624	0.00460007
1.75735	0.00512086
1.75846	0.00473908
1.75957	0.00532695
1.76068	0.00356656
1.76179	0.00373155
1.7629	0.00338199
1.76401	0.00350388
1.76512	0.00330252
1.76624	0.00622447
1.76735	0.00679596
1.76846	0.00845895
1.76957	0.00903953
1.77068	0.0097985
1.77179	0.00684469
1.7729	0.0063816
1.77401	0.00502428
1.77512	0.00467617
1.77623	0.003345
1.77734	0.00714278
1.77845	0.00705569
1.77957	0.00701693
1.78068	0.00660281
1.78179	0.00648421
1.7829	0.0026471
1.78401	0.0032376
1.78512	0.00384319
1.78623	0.00370078
1.78734	0.00510151
1.78845	0.00532121
1.78956	0.00506982
1.79067	0.00495266
1.79178	0.00528875
1.7929	0.00874586
1.79401	0.0102333
1.79512	0.0105589
1.79623	0.0101203
1.79734	0.00986458
1.79845	0.00524245
1.79956	0.0052253
1.80067	0.00457869
1.80178	0.00609574
1.80289	0.00596785
1.804	0.00622413
1.80511	0.0043626
1.80623	0.00407997
1.80734	0.00195371
1.80845	0.00320371
1.80956	0.00405825
1.81067	0.00567515
1.81178	0.00581176
1.81289	0.00707465
1.814	0.00670618
1.81511	0.00545108
1.81622	0.0047624
1.81733	0.00498346
1.81844	0.00553215
1.81956	0.00597063
1.82067	0.00650998
1.82178	0.00613565
1.82289	0.00612818
1.824	0.00439003
1.82511	0.0031726
1.82622	0.00487692
1.82733	0.00578573
1.82844	0.00548057
1.82955	0.00564207
1.83066	0.00647737
1.83177	0.0058815
1.83289	0.00471411
1.834	0.0051507
1.83511	0.00626499
1.83622	0.00592705
1.83733	0.00592276
1.83844	0.0064914
1.83955	0.00828122
1.84066	0.00700703
1.84177	0.00714235
1.84288	0.00564431
1.84399	0.00677416
1.8451	0.00534194
1.84622	0.00565744
1.84733	0.00568408
1.84844	0.00677249
1.84955	0.0057557
1.85066	0.00494448
1.85177	0.00553586
1.85288	0.00516585
1.85399	0.00723885
1.8551	0.00642863
1.85621	0.0062917
1.85732	0.00545467
1.85844	0.00652151
1.85955	0.00357444
1.86066	0.00566985
1.86177	0.00747133
1.86288	0.00784539
1.86399	0.00741913
1.8651	0.0081036
1.86621	0.00632352
1.86732	0.0046513
1.86843	0.00511714
1.86954	0.00610692
1.87065	0.00510216
1.87177	0.00462603
1.87288	0.00449121
1.87399	0.00329674
1.8751	0.00170749
1.87621	0.00182359
1.87732	0.00376253
1.87843	0.0041671
1.87954	0.0055503
1.88065	0.0058752
1.88176	0.00706102
1.88287	0.00540434
1.88398	0.00725065
1.8851	0.00849342
1.88621	0.00867288
1.88732	0.00750504
1.88843	0.00785003
1.88954	0.00555268
1.89065	0.0035574
1.89176	0.00336877
1.89287	0.00663054
1.89398	0.00694681
1.89509	0.00784204
1.8962	0.00751585
1.89731	0.00692506
1.89843	0.00463648
1.89954	0.00387345
1.90065	0.00396811
1.90176	0.00405722
1.90287	0.00586962
1.90398	0.00581255
1.90509	0.00586613
1.9062	0.00488875
1.90731	0.00524927
1.90842	0.0043799
1.90953	0.00578987
1.91064	0.00791365
1.91176	0.00872404
1.91287	0.00825815
1.91398	0.00891409
1.91509	0.00775352
1.9162	0.00572768
1.91731	0.00497872
1.91842	0.00640574
1.91953	0.00500397
1.92064	0.00516994
1.92175	0.00525605
1.92286	0.00608838
1.92397	0.00561847
1.92509	0.00596237
1.9262	0.0054866
1.92731	0.00563185
1.92842	0.00614789
1.92953	0.00633988
1.93064	0.00605571
1.93175	0.00586525
1.93286	0.00799809
1.93397	0.00677457
1.93508	0.00571812
1.93619	0.00762924
1.9373	0.0068428
1.93842	0.00488443
1.93953	0.00506821
1.94064	0.00512344
1.94175	0.00359074
1.94286	0.00370341
1.94397	0.00362479
1.94508	0.00467685
1.94619	0.00556772
1.9473	0.00483911
1.94841	0.00537938
1.94952	0.0049691
1.95063	0.00405383
1.95175	0.00284993
1.95286	0.00383364
1.95397	0.00383818
1.95508	0.00432038
1.95619	0.00492768
1.9573	0.00756832
1.95841	0.00681663
1.95952	0.00651613
1.96063	0.00774871
1.96174	0.00694819
1.96285	0.0043658
1.96396	0.00457349
1.96508	0.00493711
1.96619	0.00592463
1.9673	0.00614111
1.96841	0.00646934
1.96952	0.00596156
1.97063	0.00698143
1.97174	0.00608579
1.97285	0.00838093
1.97396	0.00930144
1.97507	0.00990682
1.97618	0.0086407
1.97729	0.0088813
1.97841	0.00727827
1.97952	0.00589848
1.98063	0.00590397
1.98174	0.00591572
1.98285	0.00445041
1.98396	0.0034208
1.98507	0.00475379
1.98618	0.00519923
1.98729	0.00617086
1.9884	0.00582903
1.98951	0.00692815
1.99063	0.00593213
1.99174	0.00799712
1.99285	0.00883134
1.99396	0.0087872
1.99507	0.00803371
1.99618	0.00827813
1.99729	0.00667442
1.9984	0.00409368
1.99951	0.00631223
2.00062	0.00622106
2.00173	0.00623821
2.00284	0.00485537
2.00396	0.00538328
2.00507	0.00271843
2.00618	0.00301941
2.00729	0.00266512
2.0084	0.00514963
2.00951	0.00507495
2.01062	0.00542667
2.01173	0.00589943
2.01284	0.00613966
2.01395	0.00410941
2.01506	0.00430253
2.01617	0.00409821
2.01729	0.00344659
2.0184	0.00356941
2.01951	0.00294816
2.02062	0.00281362
2.02173	0.00326277
2.02284	0.00341702
2.02395	0.00609401
2.02506	0.00648167
2.02617	0.00745977
2.02728	0.00696196
2.02839	0.00781906
2.0295	0.00477561
2.03062	0.00627837
2.03173	0.00571729
2.03284	0.005941
2.03395	0.00627497
2.03506	0.00615005
2.03617	0.00593499
2.03728	0.00773882
2.03839	0.008245
2.0395	0.00935863
2.04061	0.0115473
2.04172	0.0104453
2.04283	0.00842072
2.04395	0.00758161
2.04506	0.0047049
2.04617	0.00257527
2.04728	0.00308788
2.04839	0.00316638
2.0495	0.0034553
2.05061	0.00451058
2.05172	0.00427499
2.05283	0.00320975
2.05394	0.00296786
2.05505	0.00270935
2.05616	0.00182684
2.05728	0.00223895
2.05839	0.00483829
2.0595	0.00501009
2.06061	0.00518735
2.06172	0.00862938
2.06283	0.00854123
2.06394	0.00750186
2.06505	0.00772135
2.06616	0.00876001
2.06727	0.00575854
2.06838	0.00574948
2.06949	0.00478343
2.07061	0.00490865
2.07172	0.00448575
2.07283	0.0048194
2.07394	0.00721659
2.07505	0.00699643
2.07616	0.00737208
2.07727	0.00746403
2.07838	0.00674772
2.07949	0.00741399
2.0806	0.00806175
2.08171	0.00770219
2.08282	0.00869912
2.08394	0.00914984
2.08505	0.00771905
2.08616	0.00803864
2.08727	0.00779778
2.08838	0.00681129
2.08949	0.00910306
2.0906	0.00751368
2.09171	0.00959873
2.09282	0.00978878
2.09393	0.0104101
2.09504	0.00825252
2.09615	0.00798711
2.09727	0.00531309
2.09838	0.00574755
2.09949	0.00522364
2.1006	0.0068454
2.10171	0.00732314
2.10282	0.00689298
2.10393	0.00706642
2.10504	0.00621061
2.10615	0.00473219
2.10726	0.00415321
2.10837	0.0058949
2.10948	0.00489919
2.1106	0.00547911
2.11171	0.00534392
2.11282	0.00580633
2.11393	0.00406763
2.11504	0.00483583
2.11615	0.00786208
2.11726	0.00708435
2.11837	0.00724835
2.11948	0.00713445
2.12059	0.00664399
2.1217	0.00311504
2.12281	0.00317939
2.12393	0.00492471
2.12504	0.00500987
2.12615	0.00515256
2.12726	0.00552511
2.12837	0.00634682
2.12948	0.00402421
2.13059	0.00559796
2.1317	0.00512038
2.13281	0.00501325
2.13392	0.0052039
2.13503	0.00551301
2.13615	0.00450642
2.13726	0.00625512
2.13837	0.00649398
2.13948	0.00546227
2.14059	0.00671283
2.1417	0.00598652
2.14281	0.0036878
2.14392	0.00334349
2.14503	0.00459949
2.14614	0.00374424
2.14725	0.00545765
2.14836	0.00571624
2.14948	0.00635995
2.15059	0.00630014
2.1517	0.00545412
2.15281	0.00450226
2.15392	0.00422763
2.15503	0.00531792
2.15614	0.00420845
2.15725	0.00751563
2.15836	0.0085409
2.15947	0.0100318
2.16058	0.00827326
2.16169	0.00835206
2.16281	0.0054265
2.16392	0.00533713
2.16503	0.00510678
2.16614	0.00568108
2.16725	0.00612472
2.16836	0.00664048
2.16947	0.00508987
2.17058	0.00450579
2.17169	0.00381777
2.1728	0.00501007
2.17391	0.0048769
2.17502	0.00643925
2.17614	0.00717832
2.17725	0.0077261
2.17836	0.00631118
2.17947	0.00596561
2.18058	0.00545565
2.18169	0.00420265
2.1828	0.00487729
2.18391	0.00794957
2.18502	0.00843169
2.18613	0.00741572
2.18724	0.00884826
2.18835	0.00913337
2.18947	0.0059521
2.19058	0.00580521
2.19169	0.0058248
2.1928	0.0044605
2.19391	0.00436754
2.19502	0.00475271
2.19613	0.00527215
2.19724	0.00606669
2.19835	0.00628054
2.19946	0.00688924
2.20057	0.00625391
2.20168	0.00565517
2.2028	0.00529133
2.20391	0.00496411
2.20502	0.00468358
2.20613	0.00445924
2.20724	0.00476475
2.20835	0.00475785
2.20946	0.00504441
2.21057	0.0049256
2.21168	0.00606504
2.21279	0.00819973
2.2139	0.00842301
2.21501	0.00828004
2.21613	0.00774918
2.21724	0.00783279
2.21835	0.00604135
2.21946	0.00674254
2.22057	0.00862095
2.22168	0.00750546
2.22279	0.00650839
2.2239	0.00619729
2.22501	0.00641813
2.22612	0.010632
2.22723	0.0127292
2.22834	0.0144863
2.22946	0.0145611
2.23057	0.0134226
2.23168	0.00712672
2.23279	0.00664892
2.2339	0.00469789
2.23501	0.00447187
2.23612	0.00535861
2.23723	0.00669196
2.23834	0.00548288
2.23945	0.00538125
2.24056	0.00503452
2.24167	0.00447889
2.24279	0.00327263
2.2439	0.00426638
2.24501	0.00482281
2.24612	0.00507749
2.24723	0.00496683
2.24834	0.00518309
2.24945	0.00349468
2.25056	0.00642156
2.25167	0.00636912
2.25278	0.00833098
2.25389	0.0096096
2.255	0.0120478
2.25612	0.00939044
2.25723	0.00988769
2.25834	0.00884227
2.25945	0.00837388
2.26056	0.00680415
2.26167	0.00726415
2.26278	0.0104015
2.26389	0.0136557
2.265	0.0127543
2.26611	0.0130512
2.26722	0.0124996
2.26833	0.00824275
2.26945	0.00316491
2.27056	0.00375014
2.27167	0.00349902
2.27278	0.00300224
2.27389	0.00354242
2.275	0.00395868
2.27611	0.00411872
2.27722	0.00413755
2.27833	0.00513744
2.27944	0.00505186
2.28055	0.00547897
2.28167	0.00820952
2.28278	0.00816572
2.28389	0.00703678
2.285	0.00724864
2.28611	0.00719619
2.28722	0.00549818
2.28833	0.00618138
2.28944	0.00766139
2.29055	0.00831834
2.29166	0.00775681
2.29277	0.00644827
2.29388	0.00576643
2.295	0.00467927
2.29611	0.0039615
2.29722	0.00479347
2.29833	0.00443374
2.29944	0.00451316
2.30055	0.00641848
2.30166	0.00719396
2.30277	0.0093507
2.30388	0.00950341
2.30499	0.00904801
2.3061	0.00786573
2.30721	0.00735984
2.30833	0.00537525
2.30944	0.0060529
2.31055	0.00581921
2.31166	0.00586662
2.31277	0.00662575
2.31388	0.00701974
2.31499	0.00710243
2.3161	0.00754119
2.31721	0.00680294
2.31832	0.00649265
2.31943	0.0070525
2.32054	0.00676027
2.32166	0.00726829
2.32277	0.00736173
2.32388	0.00700293
2.32499	0.00527935
2.3261	0.00435793
2.32721	0.00468653
2.32832	0.00473902
2.32943	0.00534221
2.33054	0.00522658
2.33165	0.0065614
2.33276	0.00548027
2.33387	0.00668845
2.33499	0.00603246
2.3361	0.00585612
2.33721	0.0055707
2.33832	0.00625493
2.33943	0.00677269
2.34054	0.00798052
2.34165	0.0145167
2.34276	0.0140302
2.34387	0.0159821
2.34498	0.0144439
2.34609	0.0131578
2.3472	0.00926582
2.34832	0.00891428
2.34943	0.006633
2.35054	0.00603918
2.35165	0.00654644
2.35276	0.00510938
2.35387	0.00815409
2.35498	0.00771975
2.35609	0.00790762
2.3572	0.00737751
2.35831	0.00663979
2.35942	0.00429539
2.36053	0.00561
2.36165	0.00546234
2.36276	0.00516728
2.36387	0.00600061
2.36498	0.00673226
2.36609	0.0083772
2.3672	0.00837677
2.36831	0.0109812
2.36942	0.0102256
2.37053	0.0103168
2.37164	0.00773864
2.37275	0.0075273
2.37386	0.00651606
2.37498	0.00777653
2.37609	0.0084102
2.3772	0.00891985
2.37831	0.00999873
2.37942	0.00890175
2.38053	0.00786715
2.38164	0.00750375
2.38275	0.00669932
2.38386	0.00644522
2.38497	0.00826575
2.38608	0.00801822
2.38719	0.00692321
2.38831	0.00731136
2.38942	0.00754402
2.39053	0.00576359
2.39164	0.00675323
2.39275	0.00602371
2.39386	0.00580903
2.39497	0.00530957
2.39608	0.00557601
2.39719	0.00489874
2.3983	0.00595035
2.39941	0.00833904
2.40052	0.00836447
2.40164	0.0078321
2.40275	0.00961629
2.40386	0.00993213
2.40497	0.00736007
2.40608	0.00857616
2.40719	0.00795616
2.4083	0.0075374
2.40941	0.0074206
2.41052	0.00729482
2.41163	0.00750663
2.41274	0.0076817
2.41385	0.00647168
2.41497	0.007475
2.41608	0.0072747
2.41719	0.00655776
2.4183	0.00677535
2.41941	0.00622911
2.42052	0.00437592
2.42163	0.0064208
2.42274	0.00555038
2.42385	0.00563377
2.42496	0.00590635
2.42607	0.00677762
2.42719	0.00659494
2.4283	0.00780459
2.42941	0.00786009
2.43052	0.00773811
2.43163	0.00625802
2.43274	0.00434974
2.43385	0.0028189
2.43496	0.00282737
2.43607	0.00227625
2.43718	0.00313028
2.43829	0.00318958
2.4394	0.00368056
2.44052	0.00465658
2.44163	0.00433075
2.44274	0.00352348
2.44385	0.00415239
2.44496	0.00489825
2.44607	0.00377826
2.44718	0.00605055
2.44829	0.00672272
2.4494	0.00693853
2.45051	0.00686044
2.45162	0.0109949
2.45273	0.0139474
2.45385	0.0159411
2.45496	0.0154395
2.45607	0.0144829
2.45718	0.0101356
2.45829	0.00633802
2.4594	0.00467505
2.46051	0.00417163
2.46162	0.00448959
2.46273	0.00677238
2.46384	0.00846548
2.46495	0.00820559
2.46606	0.00906239
2.46718	0.00871998
2.46829	0.00744864
2.4694	0.00454639
2.47051	0.00463731
2.47162	0.00523143
2.47273	0.00498137
2.47384	0.00445853
2.47495	0.00544846
2.47606	0.00674642
2.47717	0.00585382
2.47828	0.00634113
2.47939	0.00778873
2.48051	0.0108639
2.48162	0.0128809
2.48273	0.0125391
2.48384	0.0128474
2.48495	0.0110732
2.48606	0.00732928
2.48717	0.00551877
2.48828	0.0062918
2.48939	0.00702679
2.4905	0.00847446
2.49161	0.0102938
2.49272	0.00845904
2.49384	0.00861311
2.49495	0.00896125
2.49606	0.0111901
2.49717	0.0102058
2.49828	0.0126567
2.49939	0.0129737
2.5005	0.012791
2.50161	0.0115262
2.50272	0.0110186
2.50383	0.00844077
2.50494	0.0076882
2.50605	0.00659106
2.50717	0.00614565
2.50828	0.00652452
2.50939	0.00698555
2.5105	0.00726327
2.51161	0.00930573
2.51272	0.00781952
2.51383	0.00937125
2.51494	0.0122025
2.51605	0.0122148
2.51716	0.0111095
2.51827	0.0104716
2.51938	0.00852147
2.5205	0.00693866
2.52161	0.00647921
2.52272	0.00571651
2.52383	0.00580258
2.52494	0.00604736
2.52605	0.00565416
2.52716	0.00590516
2.52827	0.00638479
2.52938	0.00624311
2.53049	0.00760881
2.5316	0.00614621
2.53271	0.00644967
2.53383	0.00569518
2.53494	0.0054023
2.53605	0.00418632
2.53716	0.00434404
2.53827	0.00492068
2.53938	0.00482497
2.54049	0.00623815
2.5416	0.00568178
2.54271	0.00645994
2.54382	0.00604442
2.54493	0.00614597
2.54604	0.00735513
2.54716	0.00900901
2.54827	0.00931673
2.54938	0.0101821
2.55049	0.01107
2.5516	0.00881618
2.55271	0.00719855
2.55382	0.0083054
2.55493	0.00848596
2.55604	0.00758106
2.55715	0.00795167
2.55826	0.0073105
2.55938	0.00656715
2.56049	0.00725635
2.5616	0.00714823
2.56271	0.00923112
2.56382	0.0098803
2.56493	0.009113
2.56604	0.00769406
2.56715	0.00869101
2.56826	0.00660446
2.56937	0.00655008
2.57048	0.0072868
2.57159	0.00753237
2.57271	0.00689402
2.57382	0.0072606
2.57493	0.00695609
2.57604	0.00770307
2.57715	0.0093703
2.57826	0.0109187
2.57937	0.0104394
2.58048	0.0108175
2.58159	0.0085032
2.5827	0.00753175
2.58381	0.00883875
2.58492	0.00860787
2.58604	0.0087532
2.58715	0.00914175
2.58826	0.00795793
2.58937	0.00731665
2.59048	0.0111507
2.59159	0.013051
2.5927	0.0142171
2.59381	0.0156624
2.59492	0.0133121
2.59603	0.0100773
2.59714	0.0101456
2.59825	0.0100264
2.59937	0.00873481
2.60048	0.0101982
2.60159	0.0101634
2.6027	0.00932479
2.60381	0.00766622
2.60492	0.00667654
2.60603	0.00716089
2.60714	0.00787923
2.60825	0.0063475
2.60936	0.00765504
2.61047	0.00725006
2.61158	0.00945132
2.6127	0.00861331
2.61381	0.0119693
2.61492	0.0108729
2.61603	0.0127854
2.61714	0.00854748
2.61825	0.0105088
2.61936	0.00716364
2.62047	0.0075064
2.62158	0.00597475
2.62269	0.00824435
2.6238	0.00631092
2.62491	0.00906046
2.62603	0.00915947
2.62714	0.00980576
2.62825	0.00970758
2.62936	0.00996914
2.63047	0.00907252
2.63158	0.00911272
2.63269	0.00870906
2.6338	0.00706348
2.63491	0.00754276
2.63602	0.00686297
2.63713	0.00849779
2.63824	0.0087084
2.63936	0.00862322
2.64047	0.00993874
2.64158	0.00964984
2.64269	0.00875266
2.6438	0.0116384
2.64491	0.0134872
2.64602	0.0108906
2.64713	0.00976471
2.64824	0.00936012
2.64935	0.0131983
2.65046	0.0110431
2.65157	0.0110784
2.65269	0.0111595
2.6538	0.0118086
2.65491	0.00574413
2.65602	0.00596821
2.65713	0.00591311
2.65824	0.0088161
2.65935	0.00830077
2.66046	0.00673859
2.66157	0.00843642
2.66268	0.00824002
2.66379	0.0056223
2.6649	0.00452967
2.66602	0.00772463
2.66713	0.00520346
2.66824	0.00585638
2.66935	0.00575114
2.67046	0.00596789
2.67157	0.00507288
2.67268	0.00606966
2.67379	0.00835073
2.6749	0.0100398
2.67601	0.010873
2.67712	0.00952472
2.67823	0.00957421
2.67935	0.00672907
2.68046	0.00527296
2.68157	0.00473832
2.68268	0.00573315
2.68379	0.00657779
2.6849	0.00917943
2.68601	0.0107087
2.68712	0.0118868
2.68823	0.0102978
2.68934	0.0110262
2.69045	0.0112549
2.69156	0.0105802
2.69268	0.0115137
2.69379	0.0138082
2.6949	0.0130331
2.69601	0.0105155
2.69712	0.00953059
2.69823	0.00701106
2.69934	0.00881548
2.70045	0.00768602
2.70156	0.00790598
2.70267	0.00878258
2.70378	0.00948549
2.7049	0.00797476
2.70601	0.0101841
2.70712	0.0105423
2.70823	0.00989044
2.70934	0.010822
2.71045	0.00817515
2.71156	0.00649479
2.71267	0.00700003
2.71378	0.00696483
2.71489	0.00756114
2.716	0.00815033
2.71711	0.00762374
2.71823	0.00675831
2.71934	0.00729909
2.72045	0.00821117
2.72156	0.00804332
2.72267	0.00869565
2.72378	0.00992572
2.72489	0.0100627
2.726	0.0071355
2.72711	0.00698222
2.72822	0.0061552
2.72933	0.00526933
2.73044	0.0119619
2.73156	0.0120976
2.73267	0.017767
2.73378	0.0212095
2.73489	0.021237
2.736	0.0141752
2.73711	0.0141984
2.73822	0.0102071
2.73933	0.00610256
2.74044	0.00573609
2.74155	0.00527687
2.74266	0.00508301
2.74377	0.00361749
2.74489	0.00548814
2.746	0.00879201
2.74711	0.00918048
2.74822	0.00966775
2.74933	0.0108157
2.75044	0.010323
2.75155	0.00715034
2.75266	0.0065568
2.75377	0.00729042
2.75488	0.00579493
2.75599	0.0050521
2.7571	0.0051368
2.75822	0.00703476
2.75933	0.00751699
2.76044	0.00844694
2.76155	0.00899931
2.76266	0.00806662
2.76377	0.0069035
2.76488	0.00569862
2.76599	0.00703571
2.7671	0.00874357
2.76821	0.0109857
2.76932	0.0117523
2.77043	0.0119105
2.77155	0.0100678
2.77266	0.00858489
2.77377	0.0068236
2.77488	0.0110224
2.77599	0.0112465
2.7771	0.0118097
2.77821	0.0120035
2.77932	0.0125682
2.78043	0.00720586
2.78154	0.00753016
2.78265	0.00680457
2.78376	0.00627613
2.78488	0.00654993
2.78599	0.00612732
2.7871	0.00595883
2.78821	0.00877076
2.78932	0.00768475
2.79043	0.00823546
2.79154	0.00906657
2.79265	0.00851358
2.79376	0.00630603
2.79487	0.00707267
2.79598	0.00588096
2.79709	0.00571923
2.79821	0.00611652
2.79932	0.00666892
2.80043	0.00765468
2.80154	0.00744084
2.80265	0.00932374
2.80376	0.00861642
2.80487	0.0072578
2.80598	0.00639974
2.80709	0.00785737
2.8082	0.00664658
2.80931	0.00918204
2.81042	0.00908969
2.81154	0.0108346
2.81265	0.00950386
2.81376	0.0103607
2.81487	0.00862529
2.81598	0.0100661
2.81709	0.0109048
2.8182	0.0108673
2.81931	0.0114594
2.82042	0.0114966
2.82153	0.0133517
2.82264	0.00992889
2.82375	0.0103727
2.82487	0.00968859
2.82598	0.011679
2.82709	0.0090427
2.8282	0.0102453
2.82931	0.00987828
2.83042	0.00850933
2.83153	0.0072572
2.83264	0.00858735
2.83375	0.0100848
2.83486	0.0103026
2.83597	0.0143468
2.83708	0.0128738
2.8382	0.0135614
2.83931	0.0113239
2.84042	0.0201477
2.84153	0.0187097
2.84264	0.0193444
2.84375	0.0182789
2.84486	0.0212484
2.84597	0.0122643
2.84708	0.00969474
2.84819	0.0102808
2.8493	0.00931734
2.85042	0.00758512
2.85153	0.00922063
2.85264	0.0109508
2.85375	0.0121164
2.85486	0.0122337
2.85597	0.0123548
2.85708	0.0127508
2.85819	0.011007
2.8593	0.00979137
2.86041	0.0106691
2.86152	0.0107068
2.86263	0.00935188
2.86375	0.00859467
2.86486	0.0081651
2.86597	0.00629633
2.86708	0.00757864
2.86819	0.00629989
2.8693	0.00758546
2.87041	0.00849307
2.87152	0.0104234
2.87263	0.0134002
2.87374	0.0146066
2.87485	0.0140878
2.87596	0.0127665
2.87708	0.0126101
2.87819	0.00719247
2.8793	0.00714355
2.88041	0.00858816
2.88152	0.00948716
2.88263	0.0081442
2.88374	0.00767326
2.88485	0.00743027
2.88596	0.00485538
2.88707	0.00446347
2.88818	0.00409859
2.88929	0.0048729
2.89041	0.00608416
2.89152	0.00806845
2.89263	0.0109593
2.89374	0.0131182
2.89485	0.0133256
2.89596	0.0185129
2.89707	0.0180901
2.89818	0.0154111
2.89929	0.01694
2.9004	0.0171581
2.90151	0.0123805
2.90262	0.0117005
2.90374	0.011323
2.90485	0.00812163
2.90596	0.00882332
2.90707	0.00838408
2.90818	0.0110392
2.90929	0.0113362
2.9104	0.0135316
2.91151	0.013025
2.91262	0.0130873
2.91373	0.011983
2.91484	0.013606
2.91595	0.0107995
2.91707	0.0122103
2.91818	0.0107044
2.91929	0.0121523
2.9204	0.0123489
2.92151	0.0127682
2.92262	0.010195
2.92373	0.00954203
2.92484	0.00623092
2.92595	0.00457219
2.92706	0.00581179
2.92817	0.00763874
2.92928	0.00962103
2.9304	0.00990998
2.93151	0.0123207
2.93262	0.0127263
2.93373	0.0121521
2.93484	0.0130526
2.93595	0.0177659
2.93706	0.0138379
2.93817	0.013778
2.93928	0.0139882
2.94039	0.0139149
2.9415	0.0101508
2.94261	0.0100397
2.94373	0.0128863
2.94484	0.0114054
2.94595	0.00938846
2.94706	0.00771823
2.94817	0.00790108
2.94928	0.0064424
2.95039	0.00657657
2.9515	0.00734774
2.95261	0.00795706
2.95372	0.00896845
2.95483	0.00576827
2.95594	0.00569165
2.95706	0.00623323
2.95817	0.00591323
2.95928	0.00498491
2.96039	0.00737157
2.9615	0.0118341
2.96261	0.0133889
2.96372	0.0143322
2.96483	0.015879
2.96594	0.0141823
2.96705	0.0104444
2.96816	0.00977168
2.96927	0.0106824
2.97039	0.0120787
2.9715	0.0128459
2.97261	0.0124353
2.97372	0.00987621
2.97483	0.0104577
2.97594	0.00781419
2.97705	0.00770739
2.97816	0.0104192
2.97927	0.0137673
2.98038	0.0122316
2.98149	0.0134664
2.9826	0.012785
2.98372	0.0108544
2.98483	0.00751792
2.98594	0.00874815
2.98705	0.00686203
2.98816	0.00921295
2.98927	0.0082934
2.99038	0.00939868
2.99149	0.00729886
2.9926	0.00853386
2.99371	0.00719455
2.99482	0.00827071
2.99594	0.00818979
2.99705	0.0104008
2.99816	0.00975696
2.99927	0.00844401
3.00038	0.0077152
3.00149	0.00836193
3.0026	0.00688514
3.00371	0.0115072
3.00482	0.0135843
3.00593	0.0170516
3.00704	0.0151522
3.00815	0.0195328
3.00927	0.015589
3.01038	0.0140909
3.01149	0.0128282
3.0126	0.0198286
3.01371	0.0153827
3.01482	0.0146966
3.01593	0.0146526
3.01704	0.0152857
3.01815	0.00939943
3.01926	0.00999215
3.02037	0.011356
3.02148	0.0112114
3.0226	0.00820156
3.02371	0.00688287
3.02482	0.00676088
3.02593	0.00720119
3.02704	0.00673922
3.02815	0.00765904
3.02926	0.0100662
3.03037	0.00964891
3.03148	0.00800976
3.03259	0.0126443
3.0337	0.0108222
3.03481	0.0104221
3.03593	0.00985677
3.03704	0.0113837
3.03815	0.00713089
3.03926	0.00907717
3.04037	0.00921819
3.04148	0.010473
3.04259	0.00905322
3.0437	0.0082437
3.04481	0.00729449
3.04592	0.0077269
3.04703	0.00804727
3.04814	0.00856118
3.04926	0.0102869
3.05037	0.00957705
3.05148	0.00964323
3.05259	0.0110068
3.0537	0.00999754
3.05481	0.0103227
3.05592	0.0115177
3.05703	0.00972489
3.05814	0.00660039
3.05925	0.00810449
3.06036	0.00666668
3.06147	0.00711417
3.06259	0.0076785
3.0637	0.00822789
3.06481	0.00778988
3.06592	0.00773098
3.06703	0.00948767
3.06814	0.0100813
3.06925	0.0127616
3.07036	0.0122923
3.07147	0.0139487
3.07258	0.013203
3.07369	0.0124785
3.0748	0.0103869
3.07592	0.0106689
3.07703	0.0110091
3.07814	0.0103567
3.07925	0.0102943
3.08036	0.0156211
3.08147	0.0166215
3.08258	0.0168089
3.08369	0.0170996
3.0848	0.0166297
3.08591	0.0102538
3.08702	0.00938129
3.08813	0.00982827
3.08925	0.0120545
3.09036	0.0140443
3.09147	0.0159559
3.09258	0.0208398
3.09369	0.018119
3.0948	0.0136031
3.09591	0.0112495
3.09702	0.0088427
3.09813	0.00301794
3.09924	0.00623565
3.10035	0.00842714
3.10146	0.00946212
3.10258	0.0105839
3.10369	0.0105577
3.1048	0.00851342
3.10591	0.00626548
3.10702	0.00522651
3.10813	0.00702265
3.10924	0.00737721
3.11035	0.00877083
3.11146	0.0134517
3.11257	0.0141714
3.11368	0.0183116
3.11479	0.0190216
3.11591	0.0177425
3.11702	0.0139998
3.11813	0.0156952
3.11924	0.0110649
3.12035	0.0107854
3.12146	0.00969384
3.12257	0.00883952
3.12368	0.00663084
3.12479	0.00639168
3.1259	0.00876277
3.12701	0.00864093
3.12813	0.0123299
3.12924	0.0129226
3.13035	0.0108868
3.13146	0.00862251
3.13257	0.0121957
3.13368	0.00954604
3.13479	0.0110885
3.1359	0.0122413
3.13701	0.0117414
3.13812	0.00861336
3.13923	0.00959262
3.14034	0.00736963
3.14146	0.00677367
3.14257	0.00832206
3.14368	0.00851949
3.14479	0.00833983
3.1459	0.00993306
3.14701	0.00992789
3.14812	0.00813996
3.14923	0.00920272
3.15034	0.0141987
3.15145	0.0128183
3.15256	0.0246582
3.15367	0.0249812
3.15479	0.0239119
3.1559	0.0176456
3.15701	0.0176272
3.15812	0.00546833
3.15923	0.00577899
3.16034	0.00607393
3.16145	0.00805671
3.16256	0.0118577
3.16367	0.0186066
3.16478	0.0186525
3.16589	0.0183894
3.167	0.0188843
3.16812	0.0155878
3.16923	0.0101036
3.17034	0.00985506
3.17145	0.0096617
3.17256	0.00887884
3.17367	0.0108028
3.17478	0.00980605
3.17589	0.0106725
3.177	0.0113727
3.17811	0.0102171
3.17922	0.0110332
3.18033	0.0107175
3.18145	0.0109276
3.18256	0.00961958
3.18367	0.00963554
3.18478	0.0087341
3.18589	0.00959668
3.187	0.00851114
3.18811	0.0105625
3.18922	0.0178247
3.19033	0.0182548
3.19144	0.0191329
3.19255	0.0217825
3.19366	0.0224419
3.19478	0.0174109
3.19589	0.0144247
3.197	0.0135529
3.19811	0.0169109
3.19922	0.0185316
3.20033	0.0198439
3.20144	0.0216374
3.20255	0.0259306
3.20366	0.0227689
3.20477	0.0202397
3.20588	0.0191263
3.20699	0.0192741
3.20811	0.0140012
3.20922	0.0114374
3.21033	0.0097132
3.21144	0.00651839
3.21255	0.00602682
3.21366	0.00927544
3.21477	0.00836621
3.21588	0.0090061
3.21699	0.0108106
3.2181	0.0117672
3.21921	0.00955943
3.22032	0.0105186
3.22144	0.0097822
3.22255	0.00741075
3.22366	0.00513735
3.22477	0.00407072
3.22588	0.00426774
3.22699	0.00610037
3.2281	0.00641207
3.22921	0.0112118
3.23032	0.0146676
3.23143	0.0141374
3.23254	0.0159877
3.23365	0.0191528
3.23477	0.0169335
3.23588	0.0137993
3.23699	0.0144831
3.2381	0.0117904
3.23921	0.0092103
3.24032	0.00823828
3.24143	0.0115026
3.24254	0.0139994
3.24365	0.0135178
3.24476	0.0143448
3.24587	0.0139163
3.24698	0.0104566
3.2481	0.0133636
3.24921	0.0137235
3.25032	0.0130776
3.25143	0.0128319
3.25254	0.0154999
3.25365	0.0169059
3.25476	0.0158232
3.25587	0.0177858
3.25698	0.0190285
3.25809	0.0198001
3.2592	0.0135161
3.26031	0.014281
3.26143	0.0130492
3.26254	0.0102937
3.26365	0.0098873
3.26476	0.00825138
3.26587	0.00805842
3.26698	0.00679036
3.26809	0.00930668
3.2692	0.00705803
3.27031	0.00852248
3.27142	0.0118901
3.27253	0.0122329
3.27365	0.0103754
3.27476	0.0120387
3.27587	0.0142159
3.27698	0.0132573
3.27809	0.0162913
3.2792	0.0178885
3.28031	0.0201088
3.28142	0.0189554
3.28253	0.0156374
3.28364	0.0155225
3.28475	0.0162889
3.28586	0.0145441
3.28698	0.0150149
3.28809	0.0173771
3.2892	0.0174749
3.29031	0.016287
3.29142	0.0143154
3.29253	0.0169933
3.29364	0.0193258
3.29475	0.0162067
3.29586	0.0203623
3.29697	0.0214151
3.29808	0.0192134
3.29919	0.0178076
3.30031	0.0176885
3.30142	0.0125313
3.30253	0.0111273
3.30364	0.014848
3.30475	0.016646
3.30586	0.0166278
3.30697	0.0177694
3.30808	0.0171513
3.30919	0.0111227
3.3103	0.009712
3.31141	0.01123
3.31252	0.00995245
3.31364	0.0106313
3.31475	0.00977452
3.31586	0.00792826
3.31697	0.00727954
3.31808	0.0110121
3.31919	0.0110721
3.3203	0.0116092
3.32141	0.0114867
3.32252	0.0100239
3.32363	0.0101821
3.32474	0.0102677
3.32585	0.0100977
3.32697	0.011302
3.32808	0.0142666
3.32919	0.0130349
3.3303	0.012538
3.33141	0.0133104
3.33252	0.0108166
3.33363	0.00863531
3.33474	0.0109306
3.33585	0.0109391
3.33696	0.0133029
3.33807	0.0136478
3.33918	0.0131772
3.3403	0.0112728
3.34141	0.0116885
3.34252	0.00873602
3.34363	0.0106543
3.34474	0.0111442
3.34585	0.00978477
3.34696	0.0140011
3.34807	0.0151067
3.34918	0.0156136
3.35029	0.0180388
3.3514	0.0163183
3.35251	0.011605
3.35363	0.0115627
3.35474	0.0107971
3.35585	0.0095133
3.35696	0.0138887
3.35807	0.0153964
3.35918	0.0157255
3.36029	0.0149859
3.3614	0.0143612
3.36251	0.01429
3.36362	0.013688
3.36473	0.0166408
3.36584	0.0168426
3.36696	0.0171824
3.36807	0.0146307
3.36918	0.0135923
3.37029	0.0126321
3.3714	0.0108031
3.37251	0.00943067
3.37362	0.00921845
3.37473	0.0088796
3.37584	0.00635355
3.37695	0.00652028
3.37806	0.0092338
3.37917	0.00957703
3.38029	0.0143891
3.3814	0.0129244
3.38251	0.0196096
3.38362	0.0165023
3.38473	0.0160721
3.38584	0.0134079
3.38695	0.0142497
3.38806	0.00949047
3.38917	0.00982736
3.39028	0.0093622
3.39139	0.00928053
3.3925	0.00840649
3.39362	0.00756751
3.39473	0.0120041
3.39584	0.0148735
3.39695	0.0159916
3.39806	0.0166226
3.39917	0.0154528
3.40028	0.0127331
3.40139	0.00827753
3.4025	0.00638772
3.40361	0.00701357
3.40472	0.0184713
3.40583	0.0169495
3.40695	0.0192881
3.40806	0.0183796
3.40917	0.0185483
3.41028	0.00776195
3.41139	0.00807737
3.4125	0.00652086
3.41361	0.00669353
3.41472	0.00685571
3.41583	0.00900899
3.41694	0.00977016
3.41805	0.0120813
3.41917	0.0156302
3.42028	0.0168837
3.42139	0.0183858
3.4225	0.0183424
3.42361	0.0168104
3.42472	0.0162623
3.42583	0.0179891
3.42694	0.014913
3.42805	0.0143398
3.42916	0.0148291
3.43027	0.0134411
3.43138	0.0141287
3.4325	0.014708
3.43361	0.015025
3.43472	0.0149015
3.43583	0.0192165
3.43694	0.0132509
3.43805	0.0117232
3.43916	0.0139069
3.44027	0.0126812
3.44138	0.00679224
3.44249	0.0103101
3.4436	0.0122336
3.44471	0.00970187
3.44583	0.0130237
3.44694	0.0136563
3.44805	0.0103558
3.44916	0.00958626
3.45027	0.0125607
3.45138	0.00947339
3.45249	0.00942072
3.4536	0.0186231
3.45471	0.0210043
3.45582	0.0196801
3.45693	0.0208334
3.45804	0.0213632
3.45916	0.028712
3.46027	0.0256833
3.46138	0.0239831
3.46249	0.0228833
3.4636	0.0219521
3.46471	0.0061413
3.46582	0.0105433
3.46693	0.010192
3.46804	0.0142047
3.46915	0.0170499
3.47026	0.0184195
3.47137	0.0150327
3.47249	0.0167904
3.4736	0.0125896
3.47471	0.0103615
3.47582	0.0110155
3.47693	0.0128054
3.47804	0.0123688
3.47915	0.0120569
3.48026	0.0137026
3.48137	0.0150584
3.48248	0.0126406
3.48359	0.0118726
3.4847	0.0132344
3.48582	0.0140468
3.48693	0.0119286
3.48804	0.0154305
3.48915	0.0168427
3.49026	0.019331
3.49137	0.0186361
3.49248	0.0185304
3.49359	0.014834
3.4947	0.0140436
3.49581	0.011792
3.49692	0.0112309
3.49803	0.0135875
3.49915	0.0141162
3.50026	0.0135255
3.50137	0.0126407
3.50248	0.0106033
3.50359	0.00633835
3.5047	0.00733243
3.50581	0.0123944
3.50692	0.0126312
3.50803	0.0122211
3.50914	0.0141055
3.51025	0.0148761
3.51136	0.0102579
3.51248	0.0130022
3.51359	0.0206638
3.5147	0.0194645
3.51581	0.0182689
3.51692	0.0177678
3.51803	0.0141358
3.51914	0.0104157
3.52025	0.0120663
3.52136	0.0135381
3.52247	0.0141494
3.52358	0.0188868
3.52469	0.0186492
3.52581	0.0230806
3.52692	0.0276189
3.52803	0.0270257
3.52914	0.0230413
3.53025	0.0264348
3.53136	0.0210833
3.53247	0.0133042
3.53358	0.0136297
3.53469	0.0156311
3.5358	0.00904072
3.53691	0.00803655
3.53802	0.00868787
3.53914	0.00789623
3.54025	0.00497867
3.54136	0.00442893
3.54247	0.00695098
3.54358	0.00703237
3.54469	0.0167479
3.5458	0.0185415
3.54691	0.0205365
3.54802	0.0239347
3.54913	0.025471
3.55024	0.0173932
3.55135	0.0290009
3.55247	0.0348666
3.55358	0.0287519
3.55469	0.0272326
3.5558	0.0274838
3.55691	0.0175305
3.55802	0.0104429
3.55913	0.0131194
3.56024	0.0168844
3.56135	0.01914
3.56246	0.016726
3.56357	0.0184586
3.56469	0.0160355
3.5658	0.0164693
3.56691	0.0150214
3.56802	0.0179347
3.56913	0.0183338
3.57024	0.0186399
3.57135	0.0164293
3.57246	0.0179278
3.57357	0.0159445
3.57468	0.018273
3.57579	0.0175617
3.5769	0.022269
3.57802	0.0195051
3.57913	0.0183595
3.58024	0.019562
3.58135	0.0212924
3.58246	0.0189397
3.58357	0.0191644
3.58468	0.0198637
3.58579	0.0158084
3.5869	0.0194855
3.58801	0.016181
3.58912	0.01773
3.59023	0.0209415
3.59135	0.0208542
3.59246	0.0187366
3.59357	0.0211204
3.59468	0.0246246
3.59579	0.0276611
3.5969	0.0311494
3.59801	0.0308683
3.59912	0.0277366
3.60023	0.0209031
3.60134	0.0182507
3.60245	0.0137509
3.60356	0.0136532
3.60468	0.0158103
3.60579	0.0240268
3.6069	0.0262317
3.60801	0.0294711
3.60912	0.028751
3.61023	0.0318139
3.61134	0.023657
3.61245	0.0176904
3.61356	0.0149812
3.61467	0.014284
3.61578	0.0111933
3.61689	0.0115571
3.61801	0.0147053
3.61912	0.0194864
3.62023	0.0215143
3.62134	0.0211743
3.62245	0.0291463
3.62356	0.0260712
3.62467	0.0231457
3.62578	0.020309
3.62689	0.0217422
3.628	0.0151649
3.62911	0.0192633
3.63022	0.0167213
3.63134	0.0233326
3.63245	0.0199403
3.63356	0.0195391
3.63467	0.0168531
3.63578	0.0165432
3.63689	0.011355
3.638	0.012149
3.63911	0.0114693
3.64022	0.0100812
3.64133	0.011664
3.64244	0.0115098
3.64355	0.0172071
3.64467	0.0189046
3.64578	0.0234862
3.64689	0.0228156
3.648	0.0256771
3.64911	0.0204272
3.65022	0.0201305
3.65133	0.0180621
3.65244	0.0184535
3.65355	0.0147613
3.65466	0.0128606
3.65577	0.0180457
3.65688	0.0158431
3.658	0.0155657
3.65911	0.0152531
3.66022	0.0162367
3.66133	0.0140319
3.66244	0.0136626
3.66355	0.0162635
3.66466	0.0170956
3.66577	0.0170197
3.66688	0.0144913
3.66799	0.0176991
3.6691	0.0163515
3.67021	0.0160885
3.67133	0.0151116
3.67244	0.0147383
3.67355	0.0120305
3.67466	0.0114144
3.67577	0.0101315
3.67688	0.0134392
3.67799	0.0144957
3.6791	0.0166095
3.68021	0.0161652
3.68132	0.0184969
3.68243	0.0163874
3.68354	0.0157055
3.68466	0.0137405
3.68577	0.0128716
3.68688	0.0133613
3.68799	0.0152521
3.6891	0.0129985
3.69021	0.0143313
3.69132	0.0142587
3.69243	0.0129417
3.69354	0.00955154
3.69465	0.00904197
3.69576	0.00735294
3.69687	0.0140566
3.69799	0.0124194
3.6991	0.0167596
3.70021	0.0176346
3.70132	0.016054
3.70243	0.00862918
3.70354	0.0116657
3.70465	0.01147
3.70576	0.0136137
3.70687	0.0151447
3.70798	0.0149523
3.70909	0.0237594
3.71021	0.0229414
3.71132	0.0271239
3.71243	0.029396
3.71354	0.0310396
3.71465	0.0202539
3.71576	0.0219678
3.71687	0.0189529
3.71798	0.0184025
3.71909	0.0209601
3.7202	0.0217174
3.72131	0.0177719
3.72242	0.0148356
3.72354	0.0138646
3.72465	0.0115775
3.72576	0.0104619
3.72687	0.0125907
3.72798	0.0123584
3.72909	0.00981644
3.7302	0.00964578
3.73131	0.0123449
3.73242	0.0123425
3.73353	0.0171523
3.73464	0.0178067
3.73575	0.0159159
3.73687	0.0127176
3.73798	0.0111821
3.73909	0.00586822
3.7402	0.00974224
3.74131	0.0128094
3.74242	0.0150568
3.74353	0.0156645
3.74464	0.0162344
3.74575	0.0122257
3.74686	0.0112185
3.74797	0.00903533
3.74908	0.0134697
3.7502	0.0200516
3.75131	0.0297
3.75242	0.0285613
3.75353	0.0311312
3.75464	0.0270674
3.75575	0.0211283
3.75686	0.0120463
3.75797	0.0122869
3.75908	0.0156371
3.76019	0.015151
3.7613	0.0156669
3.76241	0.0147677
3.76353	0.0145567
3.76464	0.0141124
3.76575	0.0130654
3.76686	0.0133732
3.76797	0.0168619
3.76908	0.0172829
3.77019	0.0140347
3.7713	0.0161156
3.77241	0.0150356
3.77352	0.0131172
3.77463	0.0172737
3.77574	0.0164272
3.77686	0.0143734
3.77797	0.019568
3.77908	0.0214631
3.78019	0.0258268
3.7813	0.0245186
3.78241	0.0267496
3.78352	0.0233358
3.78463	0.0234209
3.78574	0.0146773
3.78685	0.0184205
3.78796	0.0161642
3.78907	0.0166377
3.79019	0.015339
3.7913	0.0162777
3.79241	0.0125872
3.79352	0.0145878
3.79463	0.0182703
3.79574	0.0157502
3.79685	0.0155869
3.79796	0.0198678
3.79907	0.0183366
3.80018	0.0110172
3.80129	0.0128679
3.8024	0.0126209
3.80352	0.0133538
3.80463	0.0138369
3.80574	0.0193575
3.80685	0.0205479
3.80796	0.0279021
3.80907	0.0224075
3.81018	0.0210925
3.81129	0.0185727
3.8124	0.0173095
3.81351	0.0101003
3.81462	0.0111913
3.81573	0.0115551
3.81685	0.009554
3.81796	0.00947339
3.81907	0.00905895
3.82018	0.00851117
3.82129	0.0100395
3.8224	0.0166783
3.82351	0.0161505
3.82462	0.0206231
3.82573	0.0226032
3.82684	0.021428
3.82795	0.0164745
3.82906	0.0233383
3.83018	0.0178247
3.83129	0.0208822
3.8324	0.0217265
3.83351	0.021943
3.83462	0.0154723
3.83573	0.0156082
3.83684	0.0119251
3.83795	0.0101834
3.83906	0.00876709
3.84017	0.00816002
3.84128	0.00853279
3.8424	0.00729869
3.84351	0.00949466
3.84462	0.00987971
3.84573	0.0136348
3.84684	0.0142422
3.84795	0.0167149
3.84906	0.0147572
3.85017	0.0169195
3.85128	0.0159061
3.85239	0.0235513
3.8535	0.0208741
3.85461	0.0218891
3.85573	0.0206133
3.85684	0.0181366
3.85795	0.0150561
3.85906	0.0224083
3.86017	0.0220067
3.86128	0.0233099
3.86239	0.0264131
3.8635	0.0249314
3.86461	0.0212032
3.86572	0.0214962
3.86683	0.0205782
3.86794	0.0173319
3.86906	0.012801
3.87017	0.0105178
3.87128	0.0101626
3.87239	0.0106163
3.8735	0.011088
3.87461	0.0149112
3.87572	0.017871
3.87683	0.0196653
3.87794	0.0185262
3.87905	0.017744
3.88016	0.0161196
3.88127	0.0137677
3.88239	0.0161562
3.8835	0.0140398
3.88461	0.0170341
3.88572	0.0221163
3.88683	0.0261174
3.88794	0.021964
3.88905	0.0239257
3.89016	0.0256121
3.89127	0.0265892
3.89238	0.0244138
3.89349	0.0277759
3.8946	0.0279032
3.89572	0.0230384
3.89683	0.0232396
3.89794	0.0216471
3.89905	0.0202852
3.90016	0.0208164
3.90127	0.023415
3.90238	0.0189473
3.90349	0.0185301
3.9046	0.0172074
3.90571	0.024132
3.90682	0.0230188
3.90793	0.0222521
3.90905	0.024029
3.91016	0.0229823
3.91127	0.0145993
3.91238	0.0158466
3.91349	0.0140797
3.9146	0.0134137
3.91571	0.0142042
3.91682	0.0145083
3.91793	0.0188075
3.91904	0.0186311
3.92015	0.0200742
3.92126	0.0188988
3.92238	0.0211132
3.92349	0.0144789
3.9246	0.0199454
3.92571	0.0154055
3.92682	0.0157845
3.92793	0.0128432
3.92904	0.0127735
3.93015	0.00624165
3.93126	0.00667138
3.93237	0.0127282
3.93348	0.0118354
3.93459	0.0149339
3.93571	0.0155732
3.93682	0.0171303
3.93793	0.0194821
3.93904	0.020299
3.94015	0.0183511
3.94126	0.0210623
3.94237	0.0230884
3.94348	0.0152534
3.94459	0.0176832
3.9457	0.0159719
3.94681	0.0153314
3.94792	0.0168349
3.94904	0.0283906
3.95015	0.0300608
3.95126	0.0315232
3.95237	0.0307294
3.95348	0.0246495
3.95459	0.0140987
3.9557	0.012328
3.95681	0.012326
3.95792	0.015341
3.95903	0.019051
3.96014	0.0287732
3.96125	0.0275238
3.96237	0.0259471
3.96348	0.0247448
3.96459	0.0222452
3.9657	0.0109571
3.96681	0.0193775
3.96792	0.0204986
3.96903	0.0184587
3.97014	0.0186705
3.97125	0.0304127
3.97236	0.0247607
3.97347	0.0238824
3.97458	0.0245565
3.9757	0.033396
3.97681	0.0260285
3.97792	0.0218946
3.97903	0.0268902
3.98014	0.0302309
3.98125	0.0210559
3.98236	0.0221613
3.98347	0.0342928
3.98458	0.0301165
3.98569	0.0286591
3.9868	0.029168
3.98792	0.0274292
3.98903	0.0173369
3.99014	0.01827
3.99125	0.0163295
3.99236	0.016409
3.99347	0.0128027
3.99458	0.010569
3.99569	0.0112325
3.9968	0.0114522
3.99791	0.0157984
3.99902	0.0193475
4.00013	0.0211293
4.00125	0.0198283
4.00236	0.0249883
4.00347	0.032426
4.00458	0.0317187
4.00569	0.0415301
4.0068	0.0504071
4.00791	0.0434868
4.00902	0.0355549
4.01013	0.0341031
4.01124	0.0246718
4.01235	0.019443
4.01346	0.0398113
4.01458	0.0512312
4.01569	0.0874626
4.0168	0.111453
4.01791	0.144765
4.01902	0.171756
4.02013	0.215649
4.02124	0.19588
4.02235	0.200162
4.02346	0.17828
4.02457	0.190646
4.02568	0.147631
4.02679	0.206507
4.02791	0.238077
4.02902	0.304367
4.03013	0.348417
4.03124	0.446642
4.03235	0.516071
4.03346	0.545926
4.03457	0.5144
4.03568	0.471422
4.03679	0.443502
4.0379	0.455054
4.03901	0.443958
4.04012	0.592102
4.04124	0.583251
4.04235	0.549854
4.04346	0.415666
4.04457	0.401079
4.04568	0.260857
4.04679	0.274417
4.0479	0.392297
4.04901	0.430782
4.05012	0.44457
4.05123	0.455025
4.05234	0.394676
4.05345	0.238482
4.05457	0.203045
4.05568	0.15824
4.05679	0.154629
4.0579	0.161663
4.05901	0.155757
4.06012	0.134072
4.06123	0.104565
4.06234	0.0505621
4.06345	0.0403377
4.06456	0.0343103
4.06567	0.0389496
4.06678	0.0380543
4.0679	0.0384939
4.06901	0.036588
4.07012	0.0434916
4.07123	0.0369905
4.07234	0.0333215
4.07345	0.0246123
4.07456	0.0284625
4.07567	0.0200801
4.07678	0.023121
4.07789	0.0254949
4.079	0.0290285
4.08011	0.029953
4.08123	0.0306913
4.08234	0.0280182
4.08345	0.0289372
4.08456	0.025091
4.08567	0.0197696
4.08678	0.0185177
4.08789	0.0171786
4.089	0.0142552
4.09011	0.0120773
4.09122	0.017801
4.09233	0.0195652
4.09344	0.0276305
4.09456	0.0280732
4.09567	0.0318241
4.09678	0.0325128
4.09789	0.0347134
4.099	0.0325671
4.10011	0.0334883
4.10122	0.0318266
4.10233	0.0267486
4.10344	0.0294074
4.10455	0.0299922
4.10566	0.0268332
4.10677	0.0287626
4.10789	0.0276711
4.109	0.0277142
4.11011	0.0211825
4.11122	0.0278653
4.11233	0.0264042
4.11344	0.0273139
4.11455	0.0234311
4.11566	0.0228207
4.11677	0.0185481
4.11788	0.0212646
4.11899	0.0237679
4.1201	0.0269216
4.12122	0.0301163
4.12233	0.039091
4.12344	0.040421
4.12455	0.0434258
4.12566	0.0403519
4.12677	0.044981
4.12788	0.0473231
4.12899	0.0394939
4.1301	0.0396571
4.13121	0.0389126
4.13232	0.0322672
4.13344	0.019035
4.13455	0.019183
4.13566	0.0198633
4.13677	0.0166912
4.13788	0.0171097
4.13899	0.0191153
4.1401	0.0261341
4.14121	0.029497
4.14232	0.0342605
4.14343	0.0378
4.14454	0.0421188
4.14565	0.0388958
4.14677	0.0281061
4.14788	0.0270379
4.14899	0.0251888
4.1501	0.0266207
4.15121	0.0249571
4.15232	0.0283108
4.15343	0.0300596
4.15454	0.0253284
4.15565	0.0178074
4.15676	0.0187127
4.15787	0.017591
4.15898	0.0141889
4.1601	0.0151659
4.16121	0.0155515
4.16232	0.0198325
4.16343	0.0178794
4.16454	0.0241095
4.16565	0.0237617
4.16676	0.034831
4.16787	0.0316446
4.16898	0.0363263
4.17009	0.0304637
4.1712	0.0360483
4.17231	0.0281807
4.17343	0.0269541
4.17454	0.0225587
4.17565	0.0212913
4.17676	0.015126
4.17787	0.0111086
4.17898	0.0130273
4.18009	0.0142638
4.1812	0.0124628
4.18231	0.0176598
4.18342	0.018679
4.18453	0.018529
4.18564	0.0182148
4.18676	0.0216305
4.18787	0.0230754
4.18898	0.0258156
4.19009	0.0230197
4.1912	0.0245627
4.19231	0.0229737
4.19342	0.0197663
4.19453	0.016527
4.19564	0.0148961
4.19675	0.0130913
4.19786	0.0138298
4.19897	0.0142045
4.20009	0.0218616
4.2012	0.0251441
4.20231	0.0281445
4.20342	0.0322127
4.20453	0.0293351
4.20564	0.0304508
4.20675	0.0267215
4.20786	0.0289065
4.20897	0.0241746
4.21008	0.0279441
4.21119	0.0249073
4.2123	0.0290573
4.21342	0.0241952
4.21453	0.0242228
4.21564	0.0197445
4.21675	0.0202336
4.21786	0.0167538
4.21897	0.0196516
4.22008	0.0199434
4.22119	0.020346
4.2223	0.0153525
4.22341	0.0166359
4.22452	0.0121485
4.22563	0.0149853
4.22675	0.0150668
4.22786	0.0177738
4.22897	0.0153249
4.23008	0.0189477
4.23119	0.0159486
4.2323	0.0230048
4.23341	0.0286659
4.23452	0.0299531
4.23563	0.0301932
4.23674	0.0376889
4.23785	0.0369888
4.23896	0.0281313
4.24008	0.0327442
4.24119	0.0284451
4.2423	0.0231437
4.24341	0.0169194
4.24452	0.0217717
4.24563	0.0174947
4.24674	0.0197614
4.24785	0.0218383
4.24896	0.023041
4.25007	0.0292675
4.25118	0.0288659
4.25229	0.0377947
4.25341	0.0327978
4.25452	0.0309893
4.25563	0.0223459
4.25674	0.0239692
4.25785	0.0190823
4.25896	0.0203366
4.26007	0.0189208
4.26118	0.0221053
4.26229	0.0236065
4.2634	0.020584
4.26451	0.0302713
4.26562	0.037758
4.26674	0.0371533
4.26785	0.0419508
4.26896	0.042505
4.27007	0.0318385
4.27118	0.0287048
4.27229	0.0240183
4.2734	0.0153107
4.27451	0.0157798
4.27562	0.0149938
4.27673	0.0142716
4.27784	0.0184504
4.27896	0.0180057
4.28007	0.0148553
4.28118	0.014601
4.28229	0.0127334
4.2834	0.0114112
4.28451	0.0196761
4.28562	0.021299
4.28673	0.0209478
4.28784	0.0205998
4.28895	0.0187166
4.29006	0.0164959
4.29117	0.0164831
4.29229	0.0169019
4.2934	0.0165648
4.29451	0.0226019
4.29562	0.0195866
4.29673	0.0195903
4.29784	0.0260069
4.29895	0.0262578
4.30006	0.022784
4.30117	0.0261782
4.30228	0.0371768
4.30339	0.0325091
4.3045	0.0415965
4.30562	0.0364306
4.30673	0.0337326
4.30784	0.0251441
4.30895	0.0265715
4.31006	0.01885
4.31117	0.0216257
4.31228	0.0215155
4.31339	0.0181828
4.3145	0.0216411
4.31561	0.0198985
4.31672	0.0247242
4.31783	0.0257764
4.31895	0.0270596
4.32006	0.0201743
4.32117	0.0206719
4.32228	0.0138328
4.32339	0.0109846
4.3245	0.0117016
4.32561	0.0156606
4.32672	0.016447
4.32783	0.0197004
4.32894	0.0223407
4.33005	0.0198984
4.33116	0.0199985
4.33228	0.0246337
4.33339	0.0208894
4.3345	0.0213387
4.33561	0.0214473
4.33672	0.0173586
4.33783	0.0154614
4.33894	0.0169055
4.34005	0.016691
4.34116	0.0205507
4.34227	0.0292678
4.34338	0.0320972
4.34449	0.0365927
4.34561	0.0349848
4.34672	0.0431459
4.34783	0.0366489
4.34894	0.0347131
4.35005	0.0303921
4.35116	0.0326303
4.35227	0.0233996
4.35338	0.0245067
4.35449	0.0204609
4.3556	0.0216872
4.35671	0.0235549
4.35782	0.0230443
4.35894	0.0225133
4.36005	0.0230517
4.36116	0.0251612
4.36227	0.0218922
4.36338	0.0262669
4.36449	0.0285812
4.3656	0.027385
4.36671	0.033004
4.36782	0.0330574
4.36893	0.0333656
4.37004	0.0293779
4.37115	0.0301679
4.37227	0.0200263
4.37338	0.0222036
4.37449	0.0195171
4.3756	0.0349764
4.37671	0.0384335
4.37782	0.0460491
4.37893	0.0410569
4.38004	0.0395742
4.38115	0.0244855
4.38226	0.0212601
4.38337	0.0137075
4.38448	0.0216805
4.3856	0.0199985
4.38671	0.0215473
4.38782	0.0271226
4.38893	0.0344883
4.39004	0.0309452
4.39115	0.03626
4.39226	0.0466487
4.39337	0.0412852
4.39448	0.033891
4.39559	0.0323847
4.3967	0.0319248
4.39781	0.0252207
4.39893	0.0332641
4.40004	0.035943
4.40115	0.0360106
4.40226	0.0367626
4.40337	0.034061
4.40448	0.029545
4.40559	0.0272357
4.4067	0.0321554
4.40781	0.0298407
4.40892	0.0259584
4.41003	0.0219826
4.41115	0.0207297
4.41226	0.0115113
4.41337	0.01188
4.41448	0.0132515
4.41559	0.0149169
4.4167	0.0147236
4.41781	0.0186022
4.41892	0.0125051
4.42003	0.013556
4.42114	0.0183132
4.42225	0.0205994
4.42336	0.0188391
4.42448	0.0219838
4.42559	0.0210336
4.4267	0.0151711
4.42781	0.0183983
4.42892	0.0193582
4.43003	0.0212726
4.43114	0.0240019
4.43225	0.0223606
4.43336	0.0257204
4.43447	0.0229489
4.43558	0.0251251
4.43669	0.0243739
4.43781	0.0236499
4.43892	0.0240358
4.44003	0.0258706
4.44114	0.0191549
4.44225	0.0212757
4.44336	0.0341562
4.44447	0.0339864
4.44558	0.0362647
4.44669	0.0400666
4.4478	0.0409411
4.44891	0.033354
4.45002	0.026433
4.45114	0.0265122
4.45225	0.0235173
4.45336	0.0216348
4.45447	0.0167226
4.45558	0.0179732
4.45669	0.0322393
4.4578	0.0376234
4.45891	0.0325428
4.46002	0.0328262
4.46113	0.0333049
4.46224	0.0183994
4.46335	0.0163487
4.46447	0.0194762
4.46558	0.0197598
4.46669	0.0165777
4.4678	0.0214929
4.46891	0.0216905
4.47002	0.0225646
4.47113	0.0280646
4.47224	0.027231
4.47335	0.0227853
4.47446	0.0190014
4.47557	0.0186185
4.47668	0.0228161
4.4778	0.0241432
4.47891	0.0284754
4.48002	0.0310068
4.48113	0.0332291
4.48224	0.0391524
4.48335	0.0402434
4.48446	0.0440833
4.48557	0.042562
4.48668	0.0369116
4.48779	0.0233229
4.4889	0.0274838
4.49001	0.0179211
4.49113	0.0190567
4.49224	0.0196219
4.49335	0.0190129
4.49446	0.0190734
4.49557	0.0174925
4.49668	0.0258436
4.49779	0.0318456
4.4989	0.0451409
4.50001	0.0402977
4.50112	0.0442436
4.50223	0.0338546
4.50334	0.0302631
4.50446	0.0149816
4.50557	0.0166429
4.50668	0.0172363
4.50779	0.0221951
4.5089	0.0253845
4.51001	0.0263927
4.51112	0.0311363
4.51223	0.0264604
4.51334	0.022004
4.51445	0.0218574
4.51556	0.0230664
4.51667	0.0209791
4.51779	0.0223971
4.5189	0.0253351
4.52001	0.0398769
4.52112	0.039032
4.52223	0.0357813
4.52334	0.0375061
4.52445	0.035329
4.52556	0.0198263
4.52667	0.0197095
4.52778	0.0188623
4.52889	0.0186969
4.53	0.0239588
4.53112	0.019361
4.53223	0.0199846
4.53334	0.0248358
4.53445	0.026316
4.53556	0.021667
4.53667	0.0232287
4.53778	0.0340442
4.53889	0.0292944
4.54	0.0289294
4.54111	0.0267255
4.54222	0.0297137
4.54333	0.0167779
4.54445	0.0139508
4.54556	0.00939217
4.54667	0.00803352
4.54778	0.0018903
