0.000000	1.2424963508e+01
0.008887	1.3056481720e+01
0.017773	1.0064713135e+01
0.026660	6.0722891032e+00
0.035547	4.6830755165e+00
0.044434	4.0842552649e+00
0.053320	3.2823138666e+00
0.062207	4.7051899174e+00
0.071094	5.1820014397e+00
0.079980	4.3859265402e+00
0.088867	5.1254100882e+00
0.097754	4.9532082656e+00
0.106641	2.8807614220e+00
0.115527	2.4559241615e+00
0.124414	2.3827609671e+00
0.133301	1.6557717428e+00
0.142187	2.4993249950e+00
0.151074	2.3202495565e+00
0.159961	2.5312483348e+00
0.168848	2.7406113348e+00
0.177734	2.8573483161e+00
0.186621	2.0590654686e+00
0.195508	2.1539589566e+00
0.204395	1.6839809477e+00
0.213281	1.4134391318e+00
0.222168	9.1590095806e-01
0.231055	8.9822283600e-01
0.239941	7.3142538342e-01
0.248828	6.2626233867e-01
0.257715	5.3208077318e-01
0.266602	5.9718628309e-01
0.275488	5.3808968926e-01
0.284375	6.8669038709e-01
0.293262	6.3865397525e-01
0.302148	6.5282984451e-01
0.311035	6.0520217122e-01
0.319922	7.1354542720e-01
0.328809	5.8908896843e-01
0.337695	6.2413750985e-01
0.346582	5.8110691611e-01
0.355469	5.8559619335e-01
0.364355	3.7391321486e-01
0.373242	3.1712099031e-01
0.382129	2.0658869527e-01
0.391016	1.3933445216e-01
0.399902	8.8217966872e-02
0.408789	8.8249625496e-02
0.417676	1.0033970554e-01
0.426563	9.6256746559e-02
0.435449	1.3407116194e-01
0.444336	1.4749448764e-01
0.453223	1.6540345277e-01
0.462109	1.3567965165e-01
0.470996	1.1930433665e-01
0.479883	8.2637828646e-02
0.488770	6.3929017291e-02
0.497656	4.7983131859e-02
0.506543	5.4171025760e-02
0.515430	5.7705672961e-02
0.524316	7.0246209042e-02
0.533203	5.6537871784e-02
0.542090	6.0430849606e-02
0.550977	5.6697132298e-02
0.559863	5.8854156399e-02
0.568750	5.0804481188e-02
0.577637	4.8138900885e-02
0.586523	3.1352303084e-02
0.595410	3.2611840369e-02
0.604297	2.8659234755e-02
0.613184	2.5134434606e-02
0.622070	2.7490356853e-02
0.630957	3.2097948218e-02
0.639844	2.5994741745e-02
0.648730	2.3412309738e-02
0.657617	2.2330851765e-02
0.666504	1.7733995974e-02
0.675391	1.3781279946e-02
0.684277	1.3317518488e-02
0.693164	1.3726446241e-02
0.702051	1.2151716209e-02
0.710938	1.6760640191e-02
0.719824	1.5687825385e-02
0.728711	1.5524290235e-02
0.737598	1.4402101010e-02
0.746484	1.5274085817e-02
0.755371	1.3093419649e-02
0.764258	1.2122726738e-02
0.773145	1.2291732387e-02
0.782031	1.0705886053e-02
0.790918	9.1823733140e-03
0.799805	7.6465428825e-03
0.808691	7.8421693536e-03
0.817578	7.1133077511e-03
0.826465	6.7821070328e-03
0.835352	6.8135442986e-03
0.844238	5.9056565641e-03
0.853125	5.0482439008e-03
0.862012	4.6182257008e-03
0.870898	4.8242281809e-03
0.879785	4.2152701985e-03
0.888672	3.5474039625e-03
0.897559	3.4596627505e-03
0.906445	3.3025227938e-03
0.915332	2.8222391934e-03
0.924219	3.5439776085e-03
0.933105	4.2062609373e-03
0.941992	5.2900881303e-03
0.950879	5.0284478378e-03
0.959766	4.5562829991e-03
0.968652	3.7378608998e-03
0.977539	3.7999460894e-03
0.986426	2.7708895901e-03
0.995313	3.0643347025e-03
1.004199	3.5612472954e-03
1.013086	3.7007580147e-03
1.021973	3.1500848011e-03
1.030859	3.2116788892e-03
1.039746	3.3633668539e-03
1.048633	2.9957316844e-03
1.057520	3.4201495153e-03
1.066406	4.0345041001e-03
1.075293	4.0758420465e-03
1.084180	3.9481268325e-03
1.093066	4.1785798651e-03
1.101953	3.5284876159e-03
1.110840	3.2221529549e-03
1.119727	2.9269673642e-03
1.128613	2.9370855965e-03
1.137500	2.6786523280e-03
1.146387	2.5593378222e-03
1.155273	2.4863737354e-03
1.164160	2.6695707065e-03
1.173047	2.2169708043e-03
1.181934	2.1418081990e-03
1.190820	2.0689277559e-03
1.199707	2.2702804651e-03
1.208594	1.9150171560e-03
1.217480	2.1081298067e-03
1.226367	2.3722873907e-03
1.235254	3.1847139637e-03
1.244141	2.5454648846e-03
1.253027	2.4626105922e-03
1.261914	2.6881220910e-03
1.270801	2.4859956334e-03
1.279688	1.8122160982e-03
1.288574	2.2878658932e-03
1.297461	2.5488521751e-03
1.306348	2.2998278833e-03
1.315234	2.1677168711e-03
1.324121	2.8869508826e-03
1.333008	2.4476874058e-03
1.341895	2.1477785757e-03
1.350781	1.9040524137e-03
1.359668	1.8625614192e-03
1.368555	1.7556382721e-03
1.377441	1.5814174276e-03
1.386328	1.8191684073e-03
1.395215	1.9234755487e-03
1.404102	2.2847074847e-03
1.412988	1.9894540539e-03
1.421875	1.7886959845e-03
1.430762	1.6116349150e-03
1.439648	1.7715495234e-03
1.448535	1.5096426608e-03
1.457422	1.2619235748e-03
1.466309	1.7592477750e-03
1.475195	1.8993815573e-03
1.484082	1.9474354655e-03
1.492969	2.1811817343e-03
1.501855	2.8619221408e-03
1.510742	3.4311074377e-03
1.519629	3.4653819619e-03
1.528516	3.8169117273e-03
1.537402	3.6381548615e-03
1.546289	3.0280404809e-03
1.555176	2.4289761292e-03
1.564063	2.6811652781e-03
1.572949	2.3308825690e-03
1.581836	2.3099286261e-03
1.590723	1.9477686821e-03
1.599609	1.5981593005e-03
1.608496	1.4384340949e-03
1.617383	1.2531262636e-03
1.626270	1.5005269806e-03
1.635156	2.1098995131e-03
1.644043	2.1554079878e-03
1.652930	2.0010632254e-03
1.661816	2.3660053649e-03
1.670703	2.0290506484e-03
1.679590	1.6270597088e-03
1.688477	1.9284177772e-03
1.697363	2.0010569699e-03
1.706250	1.7420833653e-03
1.715137	1.9563889862e-03
1.724023	1.9340817898e-03
1.732910	1.6434833138e-03
1.741797	1.4869974602e-03
1.750684	1.2962812869e-03
1.759570	1.2436377440e-03
1.768457	1.0703688643e-03
1.777344	1.0618494776e-03
1.786230	1.2074249793e-03
1.795117	1.3316504302e-03
1.804004	1.1295734444e-03
1.812891	1.2023477793e-03
1.821777	1.2906450608e-03
1.830664	1.1832974102e-03
1.839551	1.1113265612e-03
1.848437	1.1172814849e-03
1.857324	1.3667170512e-03
1.866211	1.6231476351e-03
1.875098	1.4461718067e-03
1.883984	1.4378170766e-03
1.892871	1.8271452326e-03
1.901758	1.7423709909e-03
1.910645	1.4453243313e-03
1.919531	1.6519169336e-03
1.928418	1.5433324426e-03
1.937305	1.4344676201e-03
1.946191	1.5160329428e-03
1.955078	1.5442406833e-03
1.963965	1.8919681742e-03
1.972852	1.9900330248e-03
1.981738	1.9617720493e-03
1.990625	2.2004470473e-03
1.999512	2.2085327196e-03
2.008398	1.6385328621e-03
2.017285	1.5612816665e-03
2.026172	1.3466975300e-03
2.035059	1.2159885489e-03
2.043945	1.3717274662e-03
2.052832	1.8194563033e-03
2.061719	1.7527903685e-03
2.070605	1.7129984069e-03
2.079492	1.4748504961e-03
2.088379	1.4150534517e-03
2.097266	1.4597625698e-03
2.106152	1.6338059811e-03
2.115039	1.6814525041e-03
2.123926	1.9591446918e-03
2.132812	1.8651687199e-03
2.141699	2.3741973805e-03
2.150586	2.2573280811e-03
2.159473	2.2483535040e-03
2.168359	1.9719798314e-03
2.177246	2.2336580354e-03
2.186133	1.8037617146e-03
2.195020	1.9561883272e-03
2.203906	2.1189461038e-03
2.212793	1.9345056201e-03
2.221680	1.5822897172e-03
2.230566	1.1016634929e-03
2.239453	1.3268246141e-03
2.248340	1.1313166942e-03
2.257227	1.2373631113e-03
2.266113	1.0978095549e-03
2.275000	1.1203901049e-03
2.283887	8.5747547082e-04
2.292773	9.6406608469e-04
2.301660	1.3340308203e-03
2.310547	1.4667655179e-03
2.319434	2.0960916591e-03
2.328320	2.0349806604e-03
2.337207	2.0335809112e-03
2.346094	2.0649906907e-03
2.354980	2.1077289833e-03
2.363867	1.5830686517e-03
2.372754	1.6841495760e-03
2.381641	1.8480831213e-03
2.390527	1.8333695684e-03
2.399414	1.9471252949e-03
2.408301	2.3385248565e-03
2.417187	2.1653822745e-03
2.426074	1.9908689959e-03
2.434961	1.5188500920e-03
2.443848	1.4702004105e-03
2.452734	1.1348946428e-03
2.461621	1.0648393215e-03
2.470508	1.0274574439e-03
2.479395	1.1653145910e-03
2.488281	1.0157664666e-03
2.497168	1.0879993147e-03
2.506055	1.6604710957e-03
2.514941	1.6637376416e-03
2.523828	1.5551587746e-03
2.532715	1.5873442775e-03
2.541602	1.5309009709e-03
2.550488	1.9299208049e-03
2.559375	1.7841002106e-03
2.568262	2.3847408971e-03
2.577148	2.5986052920e-03
2.586035	2.8390777400e-03
2.594922	2.5591346314e-03
2.603809	2.5976695554e-03
2.612695	2.5870328710e-03
2.621582	2.2274784192e-03
2.630469	2.0304551007e-03
2.639355	1.4202896643e-03
2.648242	1.7663145328e-03
2.657129	1.2188846145e-03
2.666016	1.8739930572e-03
2.674902	1.9085144911e-03
2.683789	2.2362922065e-03
2.692676	1.9911932427e-03
2.701563	1.8393153822e-03
2.710449	1.3750665242e-03
2.719336	1.1429030121e-03
2.728223	7.3352682007e-04
2.737109	9.4892291363e-04
2.745996	9.5611478277e-04
2.754883	1.2973012088e-03
2.763770	1.1428629003e-03
2.772656	1.7081442551e-03
2.781543	1.3618524413e-03
2.790430	1.5722464443e-03
2.799316	1.0497058366e-03
2.808203	1.4230890990e-03
2.817090	1.3260518271e-03
2.825977	2.0983801534e-03
2.834863	2.2343312644e-03
2.843750	3.8663001188e-03
2.852637	4.0866751708e-03
2.861523	4.0212958388e-03
2.870410	3.3783582051e-03
2.879297	3.2856803128e-03
2.888184	1.6491836705e-03
2.897070	1.3137867375e-03
2.905957	1.0622522982e-03
2.914844	1.4201874605e-03
2.923730	1.2499889322e-03
2.932617	1.5053167526e-03
2.941504	1.9644230405e-03
2.950391	2.1044273693e-03
2.959277	1.6769857227e-03
2.968164	2.5028606157e-03
2.977051	2.8088361715e-03
2.985937	2.4871085791e-03
2.994824	2.4759280087e-03
3.003711	2.4880577272e-03
3.012598	1.7231314732e-03
3.021484	1.4082274891e-03
3.030371	1.0404004930e-03
3.039258	9.1870415140e-04
3.048145	1.2087348280e-03
3.057031	1.3415468727e-03
3.065918	1.4359753885e-03
3.074805	1.8283341773e-03
3.083691	1.8077195098e-03
3.092578	1.5856024925e-03
3.101465	1.4899491781e-03
3.110352	1.4728908758e-03
3.119238	1.1781796631e-03
3.128125	1.7548460311e-03
3.137012	1.7774557706e-03
3.145898	1.7258098747e-03
3.154785	1.6200166001e-03
3.163672	2.0056996524e-03
3.172559	1.2711664955e-03
3.181445	1.1592709503e-03
3.190332	1.1169471750e-03
3.199219	1.1685943448e-03
3.208105	8.5956117336e-04
3.216992	9.6444772363e-04
3.225879	1.3427655508e-03
3.234766	1.3545747637e-03
3.243652	1.8963855527e-03
3.252539	1.8448173295e-03
3.261426	2.0896692924e-03
3.270313	1.5922770543e-03
3.279199	2.6797094213e-03
3.288086	2.0667258145e-03
3.296973	2.0532814714e-03
3.305859	1.7446741559e-03
3.314746	1.9812871180e-03
3.323633	9.6276368968e-04
3.332520	8.1542382716e-04
3.341406	8.3928611888e-04
3.350293	2.0065712181e-03
3.359180	2.1428494269e-03
3.368066	2.1262701604e-03
3.376953	2.2494085035e-03
3.385840	2.1496195415e-03
3.394727	9.8139457526e-04
3.403613	6.4821282444e-04
3.412500	5.8021877082e-04
3.421387	5.3465311323e-04
3.430273	6.4081772395e-04
3.439160	8.3452544405e-04
3.448047	9.3824856589e-04
3.456934	1.6695407633e-03
3.465820	1.5145188471e-03
3.474707	1.6235880884e-03
3.483594	1.5610232714e-03
3.492480	1.4944246204e-03
3.501367	7.5397242914e-04
3.510254	1.0526487204e-03
3.519141	1.2291013275e-03
3.528027	1.1012285274e-03
3.536914	1.2753852316e-03
3.545801	1.4902344382e-03
3.554688	1.3078902030e-03
3.563574	1.2308590514e-03
3.572461	1.4325082010e-03
3.581348	2.0224037551e-03
3.590234	1.9072726135e-03
3.599121	2.2652893998e-03
3.608008	2.4482233903e-03
3.616895	2.5618255407e-03
3.625781	1.9028344543e-03
3.634668	2.5713922130e-03
3.643555	2.2435311622e-03
3.652441	2.1233226534e-03
3.661328	1.8312800041e-03
3.670215	1.9265040282e-03
3.679102	1.0721907041e-03
3.687988	1.3118030183e-03
3.696875	9.8032384949e-04
3.705762	1.2804248163e-03
3.714648	1.4230674729e-03
3.723535	1.6797613489e-03
3.732422	1.4895695640e-03
3.741309	1.5055633654e-03
3.750195	1.2412080495e-03
3.759082	1.1195985663e-03
3.767969	1.3354682734e-03
3.776855	1.2664635715e-03
3.785742	1.3199114069e-03
3.794629	1.4766592930e-03
3.803516	1.7927450744e-03
3.812402	1.8402062645e-03
3.821289	1.9363418917e-03
3.830176	2.5520768570e-03
3.839063	2.7477075507e-03
3.847949	2.3042328576e-03
3.856836	2.3451858725e-03
3.865723	2.4858469550e-03
3.874609	2.4274266604e-03
3.883496	2.0400113764e-03
3.892383	2.2745358713e-03
3.901270	1.8186074177e-03
3.910156	1.6009237182e-03
3.919043	1.1449171090e-03
3.927930	1.2557747161e-03
3.936816	1.0890946352e-03
3.945703	1.6597792549e-03
3.954590	1.5256791907e-03
3.963477	1.7525305401e-03
3.972363	3.2820783209e-03
3.981250	5.8753339463e-03
3.990137	7.7020050688e-03
3.999023	1.7316761818e-02
4.007910	1.8288091705e-02
4.016797	1.7772822493e-02
4.025684	1.5298143927e-02
4.034570	1.2829511075e-02
4.043457	3.4796798412e-03
4.052344	2.1706417016e-03
4.061230	1.1884046282e-03
4.070117	8.6859647462e-04
4.079004	1.0396409783e-03
4.087891	8.1840839182e-04
4.096777	6.8168318012e-04
4.105664	7.6989451031e-04
4.114551	7.8441742116e-04
4.123437	8.4811674569e-04
4.132324	1.1501260602e-03
4.141211	1.6754486236e-03
4.150098	1.5054263942e-03
4.158984	1.7231639919e-03
4.167871	1.7976694681e-03
4.176758	1.7237988534e-03
4.185645	1.4637122891e-03
4.194531	1.5520385092e-03
4.203418	1.4350614108e-03
4.212305	1.1458296301e-03
4.221191	9.3303157360e-04
4.230078	1.1208538802e-03
4.238965	1.0235479653e-03
4.247852	1.4307824813e-03
4.256738	1.7895527716e-03
4.265625	2.3477590783e-03
4.274512	1.9762874924e-03
4.283398	2.0137239892e-03
4.292285	2.0940390387e-03
4.301172	2.0436113958e-03
4.310059	2.1209031791e-03
4.318945	2.2356443507e-03
4.327832	2.4548290623e-03
4.336719	1.9727107961e-03
4.345605	2.2417803651e-03
4.354492	1.6998290491e-03
4.363379	2.1406769116e-03
4.372266	2.3944557530e-03
4.381152	2.3001941280e-03
4.390039	2.1341190864e-03
4.398926	2.1031077906e-03
4.407813	1.4503664485e-03
4.416699	1.6297637231e-03
4.425586	1.8523836511e-03
4.434473	1.6374969990e-03
4.443359	1.6646034420e-03
4.452246	1.9015588769e-03
4.461133	1.3205600711e-03
4.470020	1.3664778914e-03
4.478906	1.1524436293e-03
4.487793	1.4754716678e-03
4.496680	1.3442672496e-03
4.505566	1.1222589335e-03
4.514453	8.6739636944e-04
4.523340	8.0074921693e-04
4.532227	2.8439220812e-04
