0.000000	2.4454612126e-01
0.061035	1.3816347620e-01
0.122070	8.8168208611e-02
0.183105	6.4490543581e-02
0.244141	2.0399717812e-02
0.305176	1.3627590730e-02
0.366211	6.6871051443e-03
0.427246	5.1544520956e-03
0.488281	4.1902523068e-03
0.549316	3.6686356670e-03
0.610352	3.3877906375e-03
0.671387	2.8194810045e-03
0.732422	2.7120675947e-03
0.793457	2.1939688078e-03
0.854492	1.8189368173e-03
0.915527	1.5808392708e-03
0.976562	1.5112054569e-03
1.037598	1.2242897742e-03
1.098633	1.3032212892e-03
1.159668	1.4811970969e-03
1.220703	1.3286557669e-03
1.281738	1.4212303358e-03
1.342773	1.5318962043e-03
1.403809	1.5459175334e-03
1.464844	1.2706457414e-03
1.525879	1.3120163974e-03
1.586914	1.4538173438e-03
1.647949	1.5723108443e-03
1.708984	1.3624094933e-03
1.770020	1.5879686864e-03
1.831055	1.4533128524e-03
1.892090	1.2850573480e-03
1.953125	1.1884236681e-03
2.014160	1.2240127947e-03
2.075195	1.2294107025e-03
2.136230	1.2965619948e-03
2.197266	1.3810823371e-03
2.258301	1.1755476596e-03
2.319336	1.3777347364e-03
2.380371	1.2490424647e-03
2.441406	1.4380189628e-03
2.502441	1.2294989101e-03
2.563477	1.3610603594e-03
2.624512	1.2633809510e-03
2.685547	1.3576635307e-03
2.746582	1.2577249773e-03
2.807617	1.3489597878e-03
2.868652	1.3655056465e-03
2.929688	1.1637349293e-03
2.990723	9.5622067519e-04
3.051758	9.0543991512e-04
3.112793	8.4778420737e-04
3.173828	7.1297540725e-04
3.234863	8.4131798358e-04
3.295898	8.6863304372e-04
3.356934	7.6603148689e-04
3.417969	8.4656266637e-04
3.479004	9.0586644598e-04
3.540039	9.4251115231e-04
3.601074	1.1074652600e-03
3.662109	1.1456999615e-03
3.723145	9.5754629304e-04
3.784180	1.0331290151e-03
3.845215	1.0204182709e-03
3.906250	9.0361282878e-04
3.967285	9.5392491498e-04
4.028320	9.8147146010e-04
4.089355	9.9750239009e-04
4.150391	9.4825641461e-04
4.211426	9.2275249164e-04
4.272461	9.5188594065e-04
4.333496	1.0544172424e-03
4.394531	9.5957134431e-04
4.455566	8.5033861303e-04
4.516602	9.2790001019e-04
4.577637	8.0585521860e-04
4.638672	7.0310338703e-04
4.699707	6.3940822851e-04
4.760742	7.6874890098e-04
4.821777	7.4046784264e-04
4.882812	6.5512122730e-04
4.943848	6.1246117814e-04
5.004883	6.8334282412e-04
5.065918	6.9518997980e-04
5.126953	5.4647884091e-04
5.187988	6.9132165122e-04
5.249023	7.5604370653e-04
5.310059	7.9992220204e-04
5.371094	6.8145043070e-04
5.432129	7.4772718020e-04
5.493164	7.4920084141e-04
5.554199	6.9953006326e-04
5.615234	7.4429446619e-04
5.676270	7.7821781787e-04
5.737305	8.1811797957e-04
5.798340	7.4945580943e-04
5.859375	8.2452026222e-04
5.920410	6.6578054856e-04
5.981445	6.3071660442e-04
6.042480	4.9085712175e-04
6.103516	5.9729424508e-04
6.164551	5.9790914620e-04
6.225586	6.6093411353e-04
6.286621	6.9759319854e-04
6.347656	8.0382150003e-04
6.408691	6.8393441369e-04
6.469727	6.6357128161e-04
6.530762	6.8371352092e-04
6.591797	7.9844033903e-04
6.652832	7.8726940235e-04
6.713867	8.8585632901e-04
6.774902	8.5582067253e-04
6.835938	8.2791247087e-04
6.896973	6.9167909130e-04
6.958008	6.5158329260e-04
7.019043	4.8235201732e-04
7.080078	4.8322544503e-04
7.141113	5.8960092346e-04
7.202148	5.8996032142e-04
7.263184	6.2568325442e-04
7.324219	7.3694439709e-04
7.385254	7.8785937407e-04
7.446289	6.2445202812e-04
7.507324	6.1681343944e-04
7.568359	6.5400656348e-04
7.629395	5.6233586237e-04
7.690430	5.2581645945e-04
7.751465	5.4878755943e-04
7.812500	6.4525010542e-04
7.873535	5.9840281727e-04
7.934570	7.1461417735e-04
7.995605	7.8676831135e-04
8.056641	8.3398421096e-04
8.117676	6.9835290940e-04
8.178711	6.6238835102e-04
8.239746	5.7114405933e-04
8.300781	4.9502762364e-04
8.361816	4.5424331990e-04
8.422852	5.8498803045e-04
8.483887	6.8143942391e-04
8.544922	6.4351374167e-04
8.605957	7.5203079425e-04
8.666992	8.1204435479e-04
8.728027	8.1202465037e-04
8.789062	7.6150547361e-04
8.850098	9.5594870400e-04
8.911133	8.4055991252e-04
8.972168	7.7158080558e-04
9.033203	7.3852918947e-04
9.094238	6.5484085985e-04
9.155273	5.1299673036e-04
9.216309	4.7236296919e-04
9.277344	5.1747988266e-04
9.338379	4.6005646180e-04
9.399414	5.5349256307e-04
9.460449	5.5504075299e-04
9.521484	6.1452686201e-04
9.582520	6.1736706776e-04
9.643555	6.0412625795e-04
9.704590	5.5689991746e-04
9.765625	6.3010982705e-04
9.826660	6.8327368286e-04
9.887695	6.0642551162e-04
9.948730	6.4280039368e-04
10.009766	6.0585597260e-04
10.070801	5.1112835922e-04
10.131836	5.8613966383e-04
10.192871	5.7050137061e-04
10.253906	6.0459727800e-04
10.314941	5.7918175794e-04
10.375977	6.1603048037e-04
10.437012	4.4740966859e-04
10.498047	5.2719474412e-04
10.559082	5.5737067133e-04
10.620117	6.6471819819e-04
10.681152	7.3230311075e-04
10.742188	8.4368913687e-04
10.803223	1.0409481625e-03
10.864258	8.9903036358e-04
10.925293	8.3214925445e-04
10.986328	7.4480657121e-04
11.047363	6.4288348675e-04
11.108398	3.7675543701e-04
11.169434	4.9621748748e-04
11.230469	5.4697369063e-04
11.291504	5.2451698514e-04
11.352539	5.0850671971e-04
11.413574	4.7686002009e-04
11.474609	4.3802488871e-04
11.535645	4.0779437857e-04
11.596680	4.2085100304e-04
11.657715	4.4676611814e-04
11.718750	5.1976180300e-04
11.779785	5.1948205961e-04
11.840820	5.6590321142e-04
11.901855	6.1159897452e-04
11.962891	6.6207587191e-04
12.023926	7.0158101168e-04
12.084961	6.6151321307e-04
12.145996	5.9883255697e-04
12.207031	5.0160891456e-04
12.268066	4.8095762210e-04
12.329102	4.4977075692e-04
12.390137	4.4372103381e-04
12.451172	5.4810249630e-04
12.512207	6.1948586498e-04
12.573242	6.4027976473e-04
12.634277	5.9486962456e-04
12.695312	6.9312114922e-04
12.756348	7.3667725107e-04
12.817383	6.7664954511e-04
12.878418	6.4587739458e-04
12.939453	7.7751242311e-04
13.000488	7.2960045742e-04
13.061523	5.7493159540e-04
13.122559	5.6573799136e-04
13.183594	5.5228462650e-04
13.244629	4.8679913399e-04
13.305664	4.9832519573e-04
13.366699	5.4697110077e-04
13.427734	7.3030225763e-04
13.488770	6.9095137651e-04
13.549805	7.0032388098e-04
13.610840	6.2654053778e-04
13.671875	5.9306644612e-04
13.732910	5.1252429576e-04
13.793945	5.2376856833e-04
13.854980	4.2354881739e-04
13.916016	4.3083673742e-04
13.977051	3.8188633196e-04
14.038086	3.9878496116e-04
14.099121	3.6842413637e-04
14.160156	4.9582987277e-04
14.221191	5.9354893437e-04
14.282227	5.7765580943e-04
14.343262	5.7961470188e-04
14.404297	6.9494768874e-04
14.465332	6.7079871751e-04
14.526367	6.4249285479e-04
14.587402	6.7893061114e-04
14.648438	5.7841288807e-04
14.709473	5.9708062317e-04
14.770508	5.8447975472e-04
14.831543	4.9056649475e-04
14.892578	4.6101929560e-04
14.953613	5.8004883930e-04
15.014648	5.1785317245e-04
15.075684	7.1860571799e-04
15.136719	7.0666463802e-04
15.197754	9.2234003244e-04
15.258789	7.8409472775e-04
15.319824	8.7491618123e-04
15.380859	7.4072250449e-04
15.441895	8.5044478527e-04
15.502930	6.5902021807e-04
15.563965	7.7109722461e-04
15.625000	6.9077890853e-04
15.686035	6.0365627398e-04
15.747070	6.7170512521e-04
15.808105	1.0265119212e-03
15.869141	9.7776186603e-04
15.930176	1.0368576679e-03
15.991211	1.1113387710e-03
16.052246	9.7327002408e-04
16.113281	6.3999487914e-04
16.174316	7.3906619097e-04
16.235352	7.1636111673e-04
16.296387	6.4338671780e-04
16.357422	7.8000802623e-04
16.418457	7.8700344963e-04
16.479492	6.1839243793e-04
16.540527	5.1596927027e-04
16.601562	6.2091152329e-04
16.662598	4.9534269044e-04
16.723633	5.6614240621e-04
16.784668	6.0042933398e-04
16.845703	6.2483279359e-04
16.906738	5.4980212906e-04
16.967773	5.3348852060e-04
17.028809	5.0052104124e-04
17.089844	5.2770500076e-04
17.150879	5.4029246328e-04
17.211914	5.3291043715e-04
17.272949	6.6857546025e-04
17.333984	6.8184625672e-04
17.395020	6.3523997135e-04
17.456055	7.5235513067e-04
17.517090	7.4366372018e-04
17.578125	7.6486966515e-04
17.639160	9.0966572682e-04
17.700195	1.0769280447e-03
17.761230	1.1884398146e-03
17.822266	1.2308949260e-03
17.883301	1.2250671279e-03
17.944336	1.0754260442e-03
18.005371	9.3860944044e-04
18.066406	6.5405947288e-04
18.127441	5.4812266080e-04
18.188477	5.0989761353e-04
18.249512	6.4035943613e-04
18.310547	8.1007963779e-04
18.371582	1.0087731632e-03
18.432617	1.0373394640e-03
18.493652	1.0377060413e-03
18.554688	9.4405342613e-04
18.615723	8.2144699244e-04
18.676758	7.8617105973e-04
18.737793	9.9958505143e-04
18.798828	1.0110917376e-03
18.859863	9.7914600621e-04
18.920898	1.0432564615e-03
18.981934	1.1145334432e-03
19.042969	8.8104015637e-04
19.104004	7.9423994591e-04
19.165039	1.0667107194e-03
19.226074	1.1950171556e-03
19.287109	1.0890083807e-03
19.348145	1.1535018222e-03
19.409180	1.3574091350e-03
19.470215	1.1379880995e-03
19.531250	9.8997995775e-04
19.592285	8.7696045832e-04
19.653320	8.4669373283e-04
19.714355	6.1412101290e-04
19.775391	5.4495564633e-04
19.836426	5.3056389090e-04
19.897461	5.6127609317e-04
19.958496	5.2973642796e-04
20.019531	5.4292896401e-04
20.080566	5.2852573396e-04
20.141602	4.1337310313e-04
20.202637	4.3849536341e-04
20.263672	5.0352461592e-04
20.324707	6.5980842963e-04
20.385742	7.1483979543e-04
20.446777	8.0025559929e-04
20.507812	8.2058861067e-04
20.568848	7.2545444053e-04
20.629883	6.4380197380e-04
20.690918	6.1364262919e-04
20.751953	6.4562184253e-04
20.812988	7.3881151085e-04
20.874023	7.6471920429e-04
20.935059	9.1050107978e-04
20.996094	9.2498389068e-04
21.057129	8.0403895696e-04
21.118164	6.4147919413e-04
21.179199	7.1863240755e-04
21.240234	5.1978775437e-04
21.301270	4.7371253321e-04
21.362305	5.6253421092e-04
21.423340	5.8978966914e-04
21.484375	5.5571490402e-04
21.545410	5.4340775917e-04
21.606445	5.1878337849e-04
21.667480	6.6640360018e-04
21.728516	6.8633518068e-04
21.789551	7.8709391992e-04
21.850586	7.5469604336e-04
21.911621	9.4374771611e-04
21.972656	7.6618726044e-04
22.033691	8.6225101780e-04
22.094727	7.5219851582e-04
22.155762	8.2259531878e-04
22.216797	6.5488297988e-04
22.277832	6.7461706013e-04
22.338867	6.8245644548e-04
22.399902	7.8711190784e-04
22.460938	7.8960309933e-04
22.521973	8.0759770988e-04
22.583008	7.3695522906e-04
22.644043	6.3849273621e-04
22.705078	5.0509381368e-04
22.766113	6.7645413143e-04
22.827148	6.8715003662e-04
22.888184	8.3919918449e-04
22.949219	8.5113789934e-04
23.010254	1.0076677268e-03
23.071289	8.9420841360e-04
23.132324	8.8677237229e-04
23.193359	8.7109345442e-04
23.254395	9.7167653988e-04
23.315430	7.7880796865e-04
23.376465	6.7077745462e-04
23.437500	7.7077349972e-04
23.498535	7.2452098629e-04
23.559570	5.7280548219e-04
23.620605	7.2117273793e-04
23.681641	7.8042406506e-04
23.742676	6.7192729423e-04
23.803711	8.5808898870e-04
23.864746	8.2914032948e-04
23.925781	8.4947763275e-04
23.986816	8.5994723568e-04
24.047852	9.5540282195e-04
24.108887	7.7939815326e-04
24.169922	1.0897204658e-03
24.230957	1.0143785426e-03
24.291992	9.8005306891e-04
24.353027	9.1255931747e-04
24.414062	9.6071132994e-04
24.475098	6.6634923461e-04
24.536133	8.7636772588e-04
24.597168	9.1697689153e-04
24.658203	9.5530351371e-04
24.719238	9.7764368487e-04
24.780273	1.1863845238e-03
24.841309	1.0114006352e-03
24.902344	9.5016560328e-04
24.963379	8.0686193007e-04
25.024414	9.2243245362e-04
25.085449	9.0315242330e-04
25.146484	1.0166663001e-03
25.207520	1.1465787137e-03
25.268555	1.1610068606e-03
25.329590	1.1318907569e-03
25.390625	1.1250948549e-03
25.451660	1.0021456214e-03
25.512695	1.0459781117e-03
25.573730	1.1247608806e-03
25.634766	1.0393033596e-03
25.695801	1.0113397212e-03
25.756836	1.0756628042e-03
25.817871	1.0818069661e-03
25.878906	1.1777737730e-03
25.939941	1.1609648979e-03
26.000977	1.0359274573e-03
26.062012	1.0472192461e-03
26.123047	9.7375872527e-04
26.184082	9.7678302241e-04
26.245117	9.7965822346e-04
26.306152	1.2031170308e-03
26.367188	1.2583553862e-03
26.428223	1.3818211358e-03
26.489258	1.2699255469e-03
26.550293	1.3584804581e-03
26.611328	1.2022040683e-03
26.672363	1.0451222188e-03
26.733398	8.4832379976e-04
26.794434	9.2766764187e-04
26.855469	9.3213764023e-04
26.916504	1.1790516461e-03
26.977539	1.2924824130e-03
27.038574	1.4653270911e-03
27.099609	1.3472336010e-03
27.160645	1.4194234864e-03
27.221680	1.2872208853e-03
27.282715	1.5251675949e-03
27.343750	1.4510535366e-03
27.404785	1.5399077984e-03
27.465820	1.8231204119e-03
27.526855	1.8012945018e-03
27.587891	1.5224357780e-03
27.648926	1.9962640376e-03
27.709961	1.9802446055e-03
27.770996	2.1202477469e-03
27.832031	2.2602494085e-03
27.893066	2.7151039473e-03
27.954102	2.2788157414e-03
28.015137	2.3046875141e-03
28.076172	1.7770467338e-03
28.137207	1.5415260619e-03
28.198242	1.2189710946e-03
28.259277	1.0609132906e-03
28.320312	1.2399032439e-03
28.381348	1.2498908655e-03
28.442383	1.5805857548e-03
28.503418	1.4419516852e-03
28.564453	1.5805656189e-03
28.625488	1.4694886402e-03
28.686523	1.6040466765e-03
28.747559	1.3765804661e-03
28.808594	1.9381980794e-03
28.869629	2.3704251698e-03
28.930664	2.4107877812e-03
28.991699	2.3071162137e-03
29.052734	2.3894361379e-03
29.113770	1.8917395244e-03
29.174805	1.3989103238e-03
29.235840	1.4265933006e-03
29.296875	1.5515854115e-03
29.357910	1.3896607573e-03
29.418945	1.4043671462e-03
29.479980	1.3863957967e-03
29.541016	1.3308752056e-03
29.602051	1.0946871178e-03
29.663086	1.4308236250e-03
29.724121	1.5367421128e-03
29.785156	1.7184095069e-03
29.846191	1.9385167572e-03
29.907227	2.1519493364e-03
29.968262	2.1325717444e-03
30.029297	2.1370660080e-03
30.090332	2.3123672554e-03
30.151367	2.2375684384e-03
30.212402	2.3093423777e-03
30.273438	2.3265581524e-03
30.334473	2.2099336298e-03
30.395508	2.0387089881e-03
30.456543	2.2768595131e-03
30.517578	1.8743015373e-03
30.578613	2.0045863710e-03
30.639648	2.0681761695e-03
30.700684	2.4234493759e-03
30.761719	2.2047469377e-03
30.822754	2.7856325541e-03
30.883789	2.6503621507e-03
30.944824	2.6347428791e-03
31.005859	2.1744227612e-03
31.066895	2.1567385464e-03
31.127930	2.1582164432e-03
31.188965	1.9688668218e-03
31.250000	2.0344617146e-03
31.311035	2.5182905937e-03
31.372070	2.2500451402e-03
31.433105	1.8951956617e-03
31.494141	1.7150684460e-03
31.555176	1.8601802111e-03
31.616211	1.3978650344e-03
31.677246	1.6263409010e-03
31.738281	1.5488499139e-03
31.799316	1.4861047391e-03
31.860352	1.6472555829e-03
31.921387	1.7604276376e-03
31.982422	1.6920111706e-03
32.043457	1.8038733361e-03
32.104492	1.9386118236e-03
32.165527	1.3522608209e-03
32.226562	1.2942574305e-03
32.287598	1.1768696598e-03
32.348633	1.0494429548e-03
32.409668	9.6437167194e-04
32.470703	1.3837902283e-03
32.531738	1.4282005336e-03
32.592773	1.4271586054e-03
32.653809	1.5040114373e-03
32.714844	1.8882874234e-03
32.775879	1.7047973007e-03
32.836914	1.7151169379e-03
32.897949	1.8321254800e-03
32.958984	1.6970111713e-03
33.020020	1.4111480830e-03
33.081055	1.2746999482e-03
33.142090	1.2820655434e-03
33.203125	1.2666843127e-03
33.264160	1.2744881078e-03
33.325195	1.2320689408e-03
33.386230	1.4548182170e-03
33.447266	1.3524538657e-03
33.508301	1.3841095372e-03
33.569336	1.5488448981e-03
33.630371	1.7356091615e-03
33.691406	1.6723661341e-03
33.752441	1.5857857789e-03
33.813477	1.4770147824e-03
33.874512	1.3389827425e-03
33.935547	1.4264807657e-03
33.996582	1.2911740079e-03
34.057617	1.3003801548e-03
34.118652	1.1866098580e-03
34.179688	1.2961159527e-03
34.240723	9.0764435639e-04
34.301758	1.0057331412e-03
34.362793	9.9892578625e-04
34.423828	1.0858204307e-03
34.484863	1.0114507629e-03
34.545898	1.2669727721e-03
34.606934	1.0708046988e-03
34.667969	1.0258161742e-03
34.729004	1.0578756380e-03
34.790039	1.0772243300e-03
34.851074	1.0626738326e-03
34.912109	1.1604532382e-03
34.973145	1.2141229599e-03
35.034180	1.2994685198e-03
35.095215	1.2239257056e-03
35.156250	1.0820968623e-03
35.217285	1.0590477294e-03
35.278320	1.0131964792e-03
35.339355	9.2622090630e-04
35.400391	1.1152777989e-03
35.461426	1.2084187433e-03
35.522461	1.3249946248e-03
35.583496	1.2317382716e-03
35.644531	1.1551803615e-03
35.705566	9.3708245669e-04
35.766602	7.8470995991e-04
35.827637	6.0030291585e-04
35.888672	8.5492866640e-04
35.949707	1.0478038363e-03
36.010742	9.8524367072e-04
36.071777	1.0325520250e-03
36.132812	1.0055252568e-03
36.193848	8.6917190076e-04
36.254883	6.3187978084e-04
36.315918	7.6220068746e-04
36.376953	8.9176826063e-04
36.437988	8.7038977172e-04
36.499023	7.1303016547e-04
36.560059	7.1233402974e-04
36.621094	6.1501907571e-04
36.682129	4.2455509709e-04
36.743164	5.1579840381e-04
36.804199	7.1693536455e-04
36.865234	8.4639632450e-04
36.926270	8.6246064619e-04
36.987305	9.3923913073e-04
37.048340	1.0712070909e-03
37.109375	1.0762187232e-03
37.170410	9.7108819847e-04
37.231445	9.5349705915e-04
37.292480	9.6016227201e-04
37.353516	7.8307465890e-04
37.414551	6.6516216651e-04
37.475586	7.1236532321e-04
37.536621	7.5618460999e-04
37.597656	6.9848434816e-04
37.658691	7.1355112372e-04
37.719727	7.9208270716e-04
37.780762	8.6722799707e-04
37.841797	7.4871137911e-04
37.902832	9.6559035363e-04
37.963867	9.2370289761e-04
38.024902	8.7911544129e-04
38.085938	7.7871477914e-04
38.146973	8.4640017059e-04
38.208008	7.7156444863e-04
38.269043	8.4144908025e-04
38.330078	8.6560296857e-04
38.391113	8.8915230568e-04
38.452148	8.9308389760e-04
38.513184	7.5955501095e-04
38.574219	6.7455892510e-04
38.635254	6.0814420918e-04
38.696289	5.4713905366e-04
38.757324	5.9087230363e-04
38.818359	5.9193346654e-04
38.879395	5.7205355139e-04
38.940430	6.1049198062e-04
39.001465	7.6763568508e-04
39.062500	8.1270600402e-04
39.123535	8.0141668413e-04
39.184570	7.8239633053e-04
39.245605	9.7862232377e-04
39.306641	8.1820973852e-04
39.367676	7.3395979930e-04
39.428711	6.9899969862e-04
39.489746	7.8861814438e-04
39.550781	5.4502948371e-04
39.611816	6.4676385600e-04
39.672852	6.9191175557e-04
39.733887	7.1576270092e-04
39.794922	7.2523789658e-04
39.855957	7.4153588750e-04
39.916992	8.1474759857e-04
39.978027	8.0502176922e-04
40.039062	8.6150369714e-04
40.100098	8.6855621694e-04
40.161133	8.4443869798e-04
40.222168	6.9485136011e-04
40.283203	6.1170997517e-04
40.344238	6.1148337687e-04
40.405273	5.6567226945e-04
40.466309	5.5036131181e-04
40.527344	4.8644340285e-04
40.588379	5.8801396318e-04
40.649414	5.5902470328e-04
40.710449	5.7204732989e-04
40.771484	5.5428685094e-04
40.832520	5.9979479178e-04
40.893555	4.8070160002e-04
40.954590	5.0277916776e-04
41.015625	4.8647182373e-04
41.076660	5.2288965489e-04
41.137695	6.0462844392e-04
41.198730	7.7177265525e-04
41.259766	8.3021871337e-04
41.320801	7.9033411974e-04
41.381836	8.0500184729e-04
41.442871	7.1663402806e-04
41.503906	6.1920948730e-04
41.564941	5.2554864860e-04
41.625977	5.5942482729e-04
41.687012	4.9487775807e-04
41.748047	4.8534519898e-04
41.809082	4.1418365312e-04
41.870117	3.8467693781e-04
41.931152	3.2598271795e-04
41.992188	3.8384346156e-04
42.053223	4.2462356320e-04
42.114258	4.6919548122e-04
42.175293	4.9078083967e-04
42.236328	4.8570488198e-04
42.297363	5.1353287794e-04
42.358398	4.7721188250e-04
42.419434	6.3498331240e-04
42.480469	5.7770052166e-04
42.541504	6.7541879060e-04
42.602539	5.6059449026e-04
42.663574	6.9651718104e-04
42.724609	5.0896445822e-04
42.785645	6.5678593124e-04
42.846680	6.8637899326e-04
42.907715	7.0636654035e-04
42.968750	5.9299795150e-04
43.029785	6.0030261932e-04
43.090820	4.7372248744e-04
43.151855	4.0110614105e-04
43.212891	4.2786217606e-04
43.273926	3.9279588353e-04
43.334961	4.0349461521e-04
43.395996	5.0958093367e-04
43.457031	5.4099907629e-04
43.518066	7.1674299228e-04
43.579102	7.4259218480e-04
43.640137	8.4954870960e-04
43.701172	7.8166574041e-04
43.762207	8.3249063511e-04
43.823242	7.4307236018e-04
43.884277	7.0928014026e-04
43.945312	5.9124745191e-04
44.006348	7.3198922090e-04
44.067383	6.3135635734e-04
44.128418	6.4262762492e-04
44.189453	8.1948464762e-04
44.250488	8.6671693664e-04
44.311523	7.9098556894e-04
44.372559	8.3305586587e-04
44.433594	7.7846489459e-04
44.494629	6.2013338444e-04
44.555664	5.5076421002e-04
44.616699	4.3047142805e-04
44.677734	3.9462149128e-04
44.738770	4.0051759404e-04
44.799805	4.6811132886e-04
44.860840	6.0380927032e-04
44.921875	5.9849110086e-04
44.982910	7.4312456517e-04
45.043945	7.3937769808e-04
45.104980	6.7914284073e-04
45.166016	6.2115196103e-04
45.227051	6.6451102260e-04
45.288086	5.3781631557e-04
45.349121	5.5178088782e-04
45.410156	5.7061039529e-04
45.471191	6.5059042362e-04
45.532227	7.2234110148e-04
45.593262	7.4008405452e-04
45.654297	7.7414914891e-04
45.715332	7.8501021973e-04
45.776367	7.3249562758e-04
45.837402	6.7212330582e-04
45.898438	7.1493105446e-04
45.959473	7.1296189108e-04
46.020508	7.6048887376e-04
46.081543	7.4779944397e-04
46.142578	8.7007188032e-04
46.203613	7.7556436767e-04
46.264648	6.8239154333e-04
46.325684	5.8099640808e-04
46.386719	5.3168229646e-04
46.447754	4.1241592360e-04
46.508789	4.8117481635e-04
46.569824	5.8135695978e-04
46.630859	7.5681210496e-04
46.691895	8.3366693646e-04
46.752930	8.1728714167e-04
46.813965	8.7726576630e-04
46.875000	8.0923755303e-04
46.936035	7.0921266446e-04
46.997070	6.5710273422e-04
47.058105	6.5595203259e-04
47.119141	5.3732187806e-04
47.180176	6.4375385567e-04
47.241211	6.3536060102e-04
47.302246	5.7110142240e-04
47.363281	6.9517961133e-04
47.424316	7.8098716899e-04
47.485352	6.9361899776e-04
47.546387	7.1371708277e-04
47.607422	8.2330407572e-04
47.668457	7.6961735710e-04
47.729492	9.1966042349e-04
47.790527	8.7056057493e-04
47.851562	8.3645829408e-04
47.912598	7.4580329290e-04
47.973633	7.7985394194e-04
48.034668	6.9785362836e-04
48.095703	8.5295588906e-04
48.156738	1.0323777742e-03
48.217773	1.0753681598e-03
48.278809	1.1478111184e-03
48.339844	1.0297188533e-03
48.400879	9.9871448648e-04
48.461914	8.2295078641e-04
48.522949	7.5146859683e-04
48.583984	5.7423109196e-04
48.645020	5.7474832255e-04
48.706055	4.7957229135e-04
48.767090	5.9346370661e-04
48.828125	7.3412633445e-04
48.889160	8.1892977717e-04
48.950195	8.2192091722e-04
49.011230	9.1459372233e-04
49.072266	1.0184526962e-03
49.133301	1.1365490094e-03
49.194336	1.3189903472e-03
49.255371	1.4256388053e-03
49.316406	1.4817482945e-03
49.377441	1.6728857687e-03
49.438477	1.6853750884e-03
49.499512	1.6777616358e-03
49.560547	2.3215851387e-03
49.621582	4.3103300466e-03
49.682617	3.7276405446e-02
49.743652	6.7757825655e-02
49.804688	7.2192350244e-02
49.865723	7.2734952899e-02
49.926758	7.0825542562e-02
49.987793	3.7932653866e-02
50.048828	7.6604350814e-03
50.109863	3.2073581675e-03
50.170898	2.0272968695e-03
50.231934	1.9923053656e-03
50.292969	1.5347527477e-03
50.354004	1.2786168976e-03
50.415039	1.1165639725e-03
50.476074	9.8393526112e-04
50.537109	8.1860082697e-04
50.598145	7.8116969975e-04
50.659180	7.0972750461e-04
50.720215	7.3222702101e-04
50.781250	1.0196421566e-03
50.842285	1.0508666606e-03
50.903320	1.0511415095e-03
50.964355	1.0322070378e-03
51.025391	1.0296096829e-03
51.086426	7.4607398984e-04
51.147461	7.1785691118e-04
51.208496	7.8822594865e-04
51.269531	7.0386625435e-04
51.330566	6.5712528129e-04
51.391602	6.7292853164e-04
51.452637	7.5577805675e-04
51.513672	8.8956335226e-04
51.574707	1.0141763427e-03
51.635742	1.0860769018e-03
51.696777	1.1696665360e-03
51.757812	1.0769676441e-03
51.818848	8.3953086343e-04
51.879883	7.6234856088e-04
51.940918	6.9629814227e-04
52.001953	6.4845202758e-04
52.062988	7.7961519444e-04
52.124023	7.7347920794e-04
52.185059	7.3941022277e-04
52.246094	7.3006394344e-04
52.307129	7.4193787152e-04
52.368164	7.6367787273e-04
52.429199	8.3062575051e-04
52.490234	8.6706550472e-04
52.551270	8.9292722837e-04
52.612305	9.5080371743e-04
52.673340	7.3838337975e-04
52.734375	8.9856941998e-04
52.795410	1.0573020197e-03
52.856445	1.0869924524e-03
52.917480	1.1137224212e-03
52.978516	1.1994264089e-03
53.039551	1.0264236139e-03
53.100586	8.3909146371e-04
53.161621	7.5536044604e-04
53.222656	6.1457528491e-04
53.283691	6.4642722002e-04
53.344727	5.7690684324e-04
53.405762	5.7465912298e-04
53.466797	6.7462270446e-04
53.527832	8.7859936673e-04
53.588867	1.1237662881e-03
53.649902	1.3959925511e-03
53.710938	1.5228856121e-03
53.771973	1.6527647631e-03
53.833008	1.5896517775e-03
53.894043	1.2489875110e-03
53.955078	1.1627631394e-03
54.016113	1.1051822240e-03
54.077148	8.4567981549e-04
54.138184	6.7629848316e-04
54.199219	7.5124111272e-04
54.260254	6.6265381337e-04
54.321289	6.4207105811e-04
54.382324	6.9782745545e-04
54.443359	9.0987978565e-04
54.504395	9.6754692991e-04
54.565430	9.5434313438e-04
54.626465	9.3272771576e-04
54.687500	9.5686350724e-04
54.748535	8.6085062149e-04
54.809570	9.2392167774e-04
54.870605	1.0237387818e-03
54.931641	1.1195647239e-03
54.992676	1.1310576642e-03
55.053711	1.1751859681e-03
55.114746	1.0485835640e-03
55.175781	1.0164977459e-03
55.236816	9.9833948359e-04
55.297852	8.8988647984e-04
55.358887	9.6858314744e-04
55.419922	1.0341797474e-03
55.480957	9.8457950209e-04
55.541992	9.8940520751e-04
55.603027	1.0718662481e-03
55.664062	8.3989717678e-04
55.725098	7.0652068630e-04
55.786133	7.7775947586e-04
55.847168	6.8782316477e-04
55.908203	6.5081499969e-04
55.969238	8.6079318305e-04
56.030273	9.7560183018e-04
56.091309	8.7163495561e-04
56.152344	8.7635795434e-04
56.213379	9.2526479133e-04
56.274414	7.7670157575e-04
56.335449	6.6541687317e-04
56.396484	6.9186713354e-04
56.457520	5.8010507513e-04
56.518555	5.2664654206e-04
56.579590	5.0100629267e-04
56.640625	5.6191826483e-04
56.701660	5.4184971530e-04
56.762695	6.0550236726e-04
56.823730	6.4771836392e-04
56.884766	7.1416940590e-04
56.945801	9.1831031977e-04
57.006836	9.0617742656e-04
57.067871	9.8108107294e-04
57.128906	9.3676047598e-04
57.189941	1.0022084585e-03
57.250977	7.4797487642e-04
57.312012	8.5996538982e-04
57.373047	8.8413092583e-04
57.434082	8.1813899993e-04
57.495117	6.2137580247e-04
57.556152	6.9189660138e-04
57.617188	5.6697499672e-04
57.678223	4.9462144938e-04
57.739258	6.1599773977e-04
57.800293	8.0779125588e-04
57.861328	6.7235176901e-04
57.922363	7.2809079198e-04
57.983398	7.0319623154e-04
58.044434	6.0652716102e-04
58.105469	4.2954593792e-04
58.166504	4.0678263227e-04
58.227539	5.7035158380e-04
58.288574	6.0937917785e-04
58.349609	6.4863420101e-04
58.410645	9.1895091540e-04
58.471680	1.0720012650e-03
58.532715	9.4510247578e-04
58.593750	9.8463509210e-04
58.654785	1.0250867640e-03
58.715820	9.4287400728e-04
58.776855	9.4163030924e-04
58.837891	8.4377946554e-04
58.898926	9.0982995720e-04
58.959961	1.0589553699e-03
59.020996	1.0466337268e-03
59.082031	1.0880839707e-03
59.143066	1.1625959289e-03
59.204102	1.1132000821e-03
59.265137	9.7408658776e-04
59.326172	1.1019933314e-03
59.387207	1.1128980405e-03
59.448242	1.1268916751e-03
59.509277	1.1552482562e-03
59.570312	1.4629039930e-03
59.631348	1.3116909419e-03
59.692383	1.3103318729e-03
59.753418	1.4301635107e-03
59.814453	1.2841930203e-03
59.875488	9.7618856957e-04
59.936523	9.1848857818e-04
59.997559	7.7253604747e-04
60.058594	8.4692047806e-04
60.119629	9.0071400840e-04
60.180664	9.6427512759e-04
60.241699	9.3820158699e-04
60.302734	1.0450348951e-03
60.363770	8.5169930366e-04
60.424805	7.9951445879e-04
60.485840	7.3304159305e-04
60.546875	7.9696036048e-04
60.607910	9.0964222746e-04
60.668945	8.2975800598e-04
60.729980	1.0432169949e-03
60.791016	1.0536160428e-03
60.852051	9.2353054165e-04
60.913086	1.2172136774e-03
60.974121	1.1908582367e-03
61.035156	9.5656267788e-04
61.096191	9.7707557878e-04
61.157227	1.0315805091e-03
61.218262	6.8766775265e-04
61.279297	7.1827152371e-04
61.340332	8.2932936863e-04
61.401367	8.6320057056e-04
61.462402	9.0783385841e-04
61.523438	8.4492619762e-04
61.584473	9.1496107486e-04
61.645508	1.0012524555e-03
61.706543	1.0135416727e-03
61.767578	1.0019112746e-03
61.828613	1.2288747840e-03
61.889648	1.2490498938e-03
61.950684	1.1273252111e-03
62.011719	1.0108680303e-03
62.072754	1.1245559071e-03
62.133789	1.1049464425e-03
62.194824	1.5499774741e-03
62.255859	1.6916115039e-03
62.316895	1.7763446192e-03
62.377930	1.6770669127e-03
62.438965	1.5580979923e-03
62.500000	1.1337067723e-03
62.561035	1.0320078699e-03
62.622070	1.0868731304e-03
62.683105	1.1801238365e-03
62.744141	1.1147071446e-03
62.805176	1.1012156776e-03
62.866211	1.1290456038e-03
62.927246	1.1530382989e-03
62.988281	1.0537661555e-03
63.049316	9.6324219871e-04
63.110352	1.3091714325e-03
63.171387	1.4437786420e-03
63.232422	1.4079569401e-03
63.293457	1.4458872870e-03
63.354492	1.4713581740e-03
63.415527	1.0377199283e-03
63.476562	9.5804380365e-04
63.537598	1.0280230685e-03
63.598633	1.0050560402e-03
63.659668	1.2477656029e-03
63.720703	1.2030454311e-03
63.781738	1.0846320360e-03
63.842773	9.7657512222e-04
63.903809	1.1060477479e-03
63.964844	1.0011445738e-03
64.025879	1.0717565104e-03
64.086914	1.3181331465e-03
64.147949	1.3845711243e-03
64.208984	1.4846765456e-03
64.270020	1.5815174646e-03
64.331055	1.6328191058e-03
64.392090	1.3974828410e-03
64.453125	1.3040042331e-03
64.514160	1.1899298612e-03
64.575195	1.0861516656e-03
64.636230	1.3449082142e-03
64.697266	1.5754490913e-03
64.758301	1.5797485275e-03
64.819336	1.3964632828e-03
64.880371	1.6834789837e-03
64.941406	1.3700783611e-03
65.002441	1.4621789371e-03
65.063477	1.7252720868e-03
65.124512	1.8426775796e-03
65.185547	1.6245874455e-03
65.246582	1.9520691105e-03
65.307617	1.8661353773e-03
65.368652	1.5999492821e-03
65.429688	1.8090531297e-03
65.490723	1.6145980201e-03
65.551758	1.3264115846e-03
65.612793	1.0396512730e-03
65.673828	1.0491049280e-03
65.734863	6.9766367447e-04
65.795898	7.0374990990e-04
65.856934	6.9626546063e-04
65.917969	9.5739223502e-04
65.979004	1.1347747635e-03
66.040039	1.4207536340e-03
66.101074	1.5562933142e-03
66.162109	1.7441843492e-03
66.223145	1.7140932489e-03
66.284180	2.1351136588e-03
66.345215	2.2109972360e-03
66.406250	2.3305911242e-03
66.467285	2.3048283542e-03
66.528320	2.2209377306e-03
66.589355	1.9034567620e-03
66.650391	1.8617522588e-03
66.711426	1.7150880224e-03
66.772461	1.6153589668e-03
66.833496	1.6675061652e-03
66.894531	1.6099969536e-03
66.955566	1.5674734073e-03
67.016602	1.6615869187e-03
67.077637	1.8854072199e-03
67.138672	1.8673283839e-03
67.199707	1.5473984623e-03
67.260742	1.4542770613e-03
67.321777	1.4722304633e-03
67.382812	1.1794836637e-03
67.443848	1.3037335477e-03
67.504883	1.4859986430e-03
67.565918	1.3405908010e-03
67.626953	1.2192107625e-03
67.687988	1.3985719359e-03
67.749023	1.3970727587e-03
67.810059	1.5831350281e-03
67.871094	2.0522255484e-03
67.932129	2.2353595109e-03
67.993164	2.1408957850e-03
68.054199	2.0381394997e-03
68.115234	2.0011350268e-03
68.176270	1.6640131666e-03
68.237305	1.5017107619e-03
68.298340	1.7141490272e-03
68.359375	1.6786744756e-03
68.420410	1.4487165328e-03
68.481445	1.3854104472e-03
68.542480	1.7131323348e-03
68.603516	2.0124238387e-03
68.664551	2.1768769354e-03
68.725586	2.4020259712e-03
68.786621	2.9676793166e-03
68.847656	2.5627761256e-03
68.908691	2.0082717383e-03
68.969727	2.0487821415e-03
69.030762	1.9389031851e-03
69.091797	1.6254635955e-03
69.152832	1.9027106819e-03
69.213867	1.9560277141e-03
69.274902	1.9240716533e-03
69.335938	2.0519927578e-03
69.396973	2.2562127415e-03
69.458008	2.1738264393e-03
69.519043	2.1466460056e-03
69.580078	1.9144907652e-03
69.641113	2.0021936103e-03
69.702148	1.4649097197e-03
69.763184	1.2702190590e-03
69.824219	1.2955209308e-03
69.885254	1.6552136308e-03
69.946289	1.6170730506e-03
70.007324	1.9777954293e-03
70.068359	2.2627018607e-03
70.129395	2.4101944897e-03
70.190430	2.1341851426e-03
70.251465	2.0312866050e-03
70.312500	1.9096128009e-03
70.373535	1.8498200485e-03
70.434570	1.7103281460e-03
70.495605	1.7038542914e-03
70.556641	2.0719483872e-03
70.617676	1.8213903960e-03
70.678711	1.9938900513e-03
70.739746	1.8618349910e-03
70.800781	1.9866695032e-03
70.861816	1.5485495364e-03
70.922852	1.5617597380e-03
70.983887	1.2333851623e-03
71.044922	1.2363019077e-03
71.105957	1.1811679488e-03
71.166992	1.2340281791e-03
71.228027	1.3754735010e-03
71.289062	1.3882585092e-03
71.350098	1.4933213914e-03
71.411133	1.5170372926e-03
71.472168	1.5098205007e-03
71.533203	1.8015491415e-03
71.594238	1.7240096362e-03
71.655273	1.7312377027e-03
71.716309	1.8123452529e-03
71.777344	1.8403905533e-03
71.838379	1.8137546913e-03
71.899414	1.8501151480e-03
71.960449	1.7632487703e-03
72.021484	1.6281026644e-03
72.082520	1.4003590342e-03
72.143555	1.0370871273e-03
72.204590	1.0140267967e-03
72.265625	1.4296859804e-03
72.326660	1.4833030520e-03
72.387695	1.6454595338e-03
72.448730	2.0158742257e-03
72.509766	2.0096782230e-03
72.570801	1.6946519724e-03
72.631836	1.8279873017e-03
72.692871	1.6653701465e-03
72.753906	1.3327710725e-03
72.814941	1.4501397982e-03
72.875977	1.2639897591e-03
72.937012	9.9442711643e-04
72.998047	1.1361674187e-03
73.059082	1.1703113515e-03
73.120117	1.0607233565e-03
73.181152	1.1379233199e-03
73.242188	1.2752726657e-03
73.303223	1.1279650564e-03
73.364258	1.2921571440e-03
73.425293	1.2951631181e-03
73.486328	1.2156473551e-03
73.547363	1.1108530088e-03
73.608398	1.2130226858e-03
73.669434	9.4846784215e-04
73.730469	1.0169763533e-03
73.791504	1.1451093577e-03
73.852539	1.0290225910e-03
73.913574	9.6558235356e-04
73.974609	9.8761143036e-04
74.035645	8.9208099288e-04
74.096680	9.1938906191e-04
74.157715	1.1014945711e-03
74.218750	1.1358282519e-03
74.279785	1.1021924570e-03
74.340820	1.0230127950e-03
74.401855	9.4314137487e-04
74.462891	8.4778487090e-04
74.523926	7.4049306438e-04
74.584961	8.5062265469e-04
74.645996	8.8498743089e-04
74.707031	8.7148259809e-04
74.768066	7.5859518454e-04
74.829102	8.7063427274e-04
74.890137	8.3661701641e-04
74.951172	9.1029471938e-04
75.012207	9.2977449525e-04
75.073242	9.8358393121e-04
75.134277	1.0059014218e-03
75.195312	1.0161110043e-03
75.256348	9.3206008893e-04
75.317383	8.4199692204e-04
75.378418	8.8604881046e-04
75.439453	7.1064353077e-04
75.500488	6.3191296481e-04
75.561523	5.4720540316e-04
75.622559	6.4125349754e-04
75.683594	6.0708423071e-04
75.744629	9.0069891923e-04
75.805664	8.4484630223e-04
75.866699	9.4723803214e-04
75.927734	8.3958841014e-04
75.988770	7.7126927712e-04
76.049805	6.0949015720e-04
76.110840	6.3731573028e-04
76.171875	6.5094699235e-04
76.232910	7.1066933884e-04
76.293945	1.0876246285e-03
76.354980	9.3016259565e-04
76.416016	9.8513676931e-04
76.477051	1.0233426831e-03
76.538086	1.0123271784e-03
76.599121	6.1908806117e-04
76.660156	1.0563877136e-03
76.721191	1.1141322741e-03
76.782227	1.2700186030e-03
76.843262	1.4692869463e-03
76.904297	1.6668540800e-03
76.965332	1.4376875522e-03
77.026367	1.4188989199e-03
77.087402	1.2544077815e-03
77.148438	1.0056654975e-03
77.209473	9.4401442005e-04
77.270508	8.0725745843e-04
77.331543	8.2763739008e-04
77.392578	8.8706926153e-04
77.453613	8.9101203947e-04
77.514648	7.9672435631e-04
77.575684	7.5719600032e-04
77.636719	8.5877836918e-04
77.697754	7.5223197139e-04
77.758789	8.8284979793e-04
77.819824	8.8707062813e-04
77.880859	9.1032576667e-04
77.941895	7.2326473637e-04
78.002930	6.7662043856e-04
78.063965	6.3132593362e-04
78.125000	5.6592840760e-04
78.186035	6.6023016766e-04
78.247070	6.6707076632e-04
78.308105	8.0438984848e-04
78.369141	9.6193936971e-04
78.430176	1.0895263327e-03
78.491211	1.0115577965e-03
78.552246	1.0187723915e-03
78.613281	9.7812718073e-04
78.674316	1.0406316494e-03
78.735352	9.6704080777e-04
78.796387	9.9026762614e-04
78.857422	1.1547242231e-03
78.918457	1.1162664761e-03
78.979492	1.1308552231e-03
79.040527	1.1492815672e-03
79.101562	1.0876873458e-03
79.162598	8.6547977250e-04
79.223633	7.5179567302e-04
79.284668	5.1495689454e-04
79.345703	5.1654291893e-04
79.406738	5.3863738386e-04
79.467773	6.5720656242e-04
79.528809	7.5064753342e-04
79.589844	8.6998377015e-04
79.650879	8.9643610038e-04
79.711914	9.1713661020e-04
79.772949	9.7280438155e-04
79.833984	1.0287829752e-03
79.895020	8.7788191643e-04
79.956055	7.1998367408e-04
80.017090	8.6686889700e-04
80.078125	1.0483006402e-03
80.139160	1.1876455454e-03
80.200195	1.1919637069e-03
80.261230	1.9577763547e-03
80.322266	1.9143232747e-03
80.383301	1.8801291999e-03
80.444336	1.8544257332e-03
80.505371	1.9039153242e-03
80.566406	1.3948960916e-03
80.627441	1.7761517720e-03
80.688477	1.5829585576e-03
80.749512	1.7717167220e-03
80.810547	1.8922660404e-03
80.871582	2.2991520148e-03
80.932617	1.7766448840e-03
80.993652	1.8328171411e-03
81.054688	1.8977635372e-03
81.115723	2.0725517509e-03
81.176758	1.7179696021e-03
81.237793	1.7914420457e-03
81.298828	1.5813601640e-03
81.359863	1.0688031516e-03
81.420898	7.2700244539e-04
81.481934	4.6357261027e-04
81.542969	7.0468010909e-04
81.604004	8.7739624358e-04
81.665039	1.0120131304e-03
81.726074	1.0904056095e-03
81.787109	1.1099510942e-03
81.848145	8.6984056003e-04
81.909180	1.0984547527e-03
81.970215	1.2288775648e-03
82.031250	1.1199863640e-03
82.092285	1.1422414535e-03
82.153320	1.1432158117e-03
82.214355	7.5775441956e-04
82.275391	5.9670167252e-04
82.336426	7.1043327842e-04
82.397461	7.6895342568e-04
82.458496	8.1956235203e-04
82.519531	9.2589214906e-04
82.580566	9.9782233451e-04
82.641602	9.2489728798e-04
82.702637	1.0796414215e-03
82.763672	1.1350090967e-03
82.824707	1.3745096341e-03
82.885742	1.3645360614e-03
82.946777	1.5261880138e-03
83.007812	1.2247159812e-03
83.068848	1.0429607139e-03
83.129883	8.2965353475e-04
83.190918	9.2790378531e-04
83.251953	7.5108181943e-04
83.312988	8.9820700819e-04
83.374023	9.3217836724e-04
83.435059	8.9334767960e-04
83.496094	6.9646542235e-04
83.557129	7.4979437972e-04
83.618164	8.0731404778e-04
83.679199	9.9375798459e-04
83.740234	9.5600327416e-04
83.801270	9.7338713906e-04
83.862305	8.8269919965e-04
83.923340	9.0520790942e-04
83.984375	7.3415984692e-04
84.045410	9.8826561701e-04
84.106445	1.1269850334e-03
84.167480	1.1792005066e-03
84.228516	1.0035042735e-03
84.289551	1.0961731231e-03
84.350586	9.0729281057e-04
84.411621	8.3017190350e-04
84.472656	9.7597343815e-04
84.533691	9.3423820417e-04
84.594727	8.3870200940e-04
84.655762	6.8409589197e-04
84.716797	6.2476530447e-04
84.777832	5.5301817695e-04
84.838867	6.5252801138e-04
84.899902	6.8135567121e-04
84.960938	7.2026055016e-04
85.021973	7.6174001940e-04
85.083008	6.0216271955e-04
85.144043	6.2622303010e-04
85.205078	8.0037019353e-04
85.266113	7.6029294240e-04
85.327148	7.9353800670e-04
85.388184	8.5626279053e-04
85.449219	8.8477511519e-04
85.510254	6.9756586162e-04
85.571289	7.4904778336e-04
85.632324	6.7536693131e-04
85.693359	6.3097836676e-04
85.754395	9.2251859111e-04
85.815430	8.4324464557e-04
85.876465	9.6342966005e-04
85.937500	9.1273865186e-04
85.998535	9.4442203091e-04
86.059570	5.7690482025e-04
86.120605	6.1124307714e-04
86.181641	4.7875005172e-04
86.242676	4.7277958759e-04
86.303711	5.4781135145e-04
86.364746	6.2042721405e-04
86.425781	5.9039231971e-04
86.486816	7.3392208367e-04
86.547852	7.9301400259e-04
86.608887	6.9819568567e-04
86.669922	7.1369051837e-04
86.730957	7.1028067987e-04
86.791992	5.9460960446e-04
86.853027	5.7153900239e-04
86.914062	6.4398757376e-04
86.975098	6.8176327635e-04
87.036133	8.1826172766e-04
87.097168	9.5366492531e-04
87.158203	1.1022706791e-03
87.219238	1.1401741256e-03
87.280273	1.0704540142e-03
87.341309	9.7124992703e-04
87.402344	8.3850119526e-04
87.463379	6.8382794878e-04
87.524414	5.8363950899e-04
87.585449	5.9868953956e-04
87.646484	5.7391800788e-04
87.707520	5.8490231644e-04
87.768555	5.2830860351e-04
87.829590	5.0725632854e-04
87.890625	4.6883901492e-04
87.951660	4.9262577796e-04
88.012695	4.4429982395e-04
88.073730	4.7335785156e-04
88.134766	5.3234139643e-04
88.195801	4.7030780453e-04
88.256836	4.7188753445e-04
88.317871	5.0637700843e-04
88.378906	5.5370719753e-04
88.439941	5.5233866938e-04
88.500977	5.3008111998e-04
88.562012	4.8783560962e-04
88.623047	4.4640743381e-04
88.684082	4.7537324491e-04
88.745117	5.3934524232e-04
88.806152	6.4647328868e-04
88.867188	6.9745894009e-04
88.928223	7.7278479547e-04
88.989258	8.1939124280e-04
89.050293	7.2823701124e-04
89.111328	6.4310692687e-04
89.172363	6.0394589179e-04
89.233398	6.2861317689e-04
89.294434	5.7408210352e-04
89.355469	5.6737243860e-04
89.416504	5.8167485854e-04
89.477539	5.8511369269e-04
89.538574	5.6832332507e-04
89.599609	5.0107129828e-04
89.660645	6.6042675912e-04
89.721680	6.4268004974e-04
89.782715	6.8644048126e-04
89.843750	7.1506111623e-04
89.904785	7.7935192940e-04
89.965820	6.1102868006e-04
90.026855	6.8777787941e-04
90.087891	7.1519584387e-04
90.148926	6.7317225455e-04
90.209961	5.8142547427e-04
90.270996	6.7148394817e-04
90.332031	6.8536990341e-04
90.393066	6.2694851190e-04
90.454102	5.7348879747e-04
90.515137	6.0705462515e-04
90.576172	5.4103721387e-04
90.637207	4.7878808701e-04
90.698242	5.0946620479e-04
90.759277	5.5167645061e-04
90.820312	4.7682532523e-04
90.881348	4.6521827708e-04
90.942383	4.7795225029e-04
91.003418	5.5672565449e-04
91.064453	5.7712932494e-04
91.125488	7.3855436503e-04
91.186523	7.0245614079e-04
91.247559	6.5747658135e-04
91.308594	5.0067222954e-04
91.369629	4.0498252148e-04
91.430664	3.9290243822e-04
91.491699	3.8989678954e-04
91.552734	3.9379193782e-04
91.613770	5.2176737980e-04
91.674805	5.4799350539e-04
91.735840	4.5667162786e-04
91.796875	4.9559318542e-04
91.857910	5.2234004962e-04
91.918945	4.1408942161e-04
91.979980	5.5992951123e-04
92.041016	6.0401147835e-04
92.102051	6.6899670342e-04
92.163086	7.6635055714e-04
92.224121	7.5042002843e-04
92.285156	7.6208495189e-04
92.346191	6.9574082682e-04
92.407227	6.8058021335e-04
92.468262	5.6188243555e-04
92.529297	7.6667254914e-04
92.590332	5.9818144145e-04
92.651367	6.6289334204e-04
92.712402	5.9221459358e-04
92.773438	5.8534527341e-04
92.834473	5.3178213069e-04
92.895508	5.1963309361e-04
92.956543	4.4273443061e-04
93.017578	4.7946883672e-04
93.078613	5.8417403285e-04
93.139648	5.5992547335e-04
93.200684	6.4358209484e-04
93.261719	8.1925604268e-04
93.322754	8.3364870387e-04
93.383789	7.5700805128e-04
93.444824	8.7616274853e-04
93.505859	8.1957932017e-04
93.566895	7.2939966520e-04
93.627930	6.9180230285e-04
93.688965	7.6839509300e-04
93.750000	5.9811369383e-04
93.811035	6.7940285160e-04
93.872070	6.8692406953e-04
93.933105	7.4931623196e-04
93.994141	7.2284879191e-04
94.055176	7.7563994744e-04
94.116211	8.2464847368e-04
94.177246	7.6573237950e-04
94.238281	7.3902701196e-04
94.299316	7.2983922747e-04
94.360352	6.6748069400e-04
94.421387	4.8403142229e-04
94.482422	4.9506136909e-04
94.543457	4.0829333122e-04
94.604492	4.1302591217e-04
94.665527	3.9228827910e-04
94.726562	5.5190658301e-04
94.787598	6.5831230033e-04
94.848633	6.4747750721e-04
94.909668	5.6062267016e-04
94.970703	5.5125436887e-04
95.031738	4.4305556263e-04
95.092773	3.5506065569e-04
95.153809	4.5759690770e-04
95.214844	4.7938734756e-04
95.275879	5.2841886820e-04
95.336914	6.7205793993e-04
95.397949	6.5865573352e-04
95.458984	7.2089636914e-04
95.520020	7.2722013342e-04
95.581055	8.0953695523e-04
95.642090	7.1670816639e-04
95.703125	8.6760464345e-04
95.764160	8.1383056301e-04
95.825195	9.2070935168e-04
95.886230	8.9496714589e-04
95.947266	8.9638345275e-04
96.008301	8.0435994753e-04
96.069336	8.4333614499e-04
96.130371	8.7271574474e-04
96.191406	1.0321275650e-03
96.252441	1.0005909295e-03
96.313477	1.0942662495e-03
96.374512	1.0276162259e-03
96.435547	9.8110959876e-04
96.496582	8.5450388670e-04
96.557617	8.7263242573e-04
96.618652	8.4290039129e-04
96.679688	8.9288965563e-04
96.740723	8.0910958910e-04
96.801758	8.6537223652e-04
96.862793	9.3911544469e-04
96.923828	7.7176026450e-04
96.984863	6.5605177378e-04
97.045898	6.4493586964e-04
97.106934	5.0557166726e-04
97.167969	4.7134744876e-04
97.229004	4.7378697640e-04
97.290039	5.8473793404e-04
97.351074	6.8207266734e-04
97.412109	6.7221464305e-04
97.473145	7.7229888937e-04
97.534180	1.0320452573e-03
97.595215	1.0256990884e-03
97.656250	1.0509065627e-03
97.717285	1.1114469173e-03
97.778320	1.0258860976e-03
97.839355	9.3121575119e-04
97.900391	1.0245082874e-03
97.961426	1.0317862253e-03
98.022461	1.1442448645e-03
98.083496	1.0854550090e-03
98.144531	1.1304808263e-03
98.205566	1.0098324302e-03
98.266602	1.1410285546e-03
98.327637	1.1688195505e-03
98.388672	1.2700995347e-03
98.449707	1.1247728370e-03
98.510742	1.3530686201e-03
98.571777	1.2461449876e-03
98.632812	1.0674620423e-03
98.693848	1.2011008618e-03
98.754883	1.3541353788e-03
98.815918	1.1355713232e-03
98.876953	1.0767621288e-03
98.937988	1.1891960130e-03
98.999023	9.8710009367e-04
99.060059	8.2120801702e-04
99.121094	8.9811047123e-04
99.182129	1.0272507557e-03
99.243164	1.0720266050e-03
99.304199	9.9833598929e-04
99.365234	1.0054862586e-03
99.426270	1.1835662540e-03
99.487305	1.2855831809e-03
99.548340	1.2705544619e-03
99.609375	1.5708674877e-03
99.670410	1.9435651818e-03
99.731445	2.3085211766e-03
99.792480	2.8022555154e-03
99.853516	2.6796568047e-03
99.914551	2.4117531066e-03
99.975586	2.4729083693e-03
100.036621	2.0518642536e-03
100.097656	1.2891490552e-03
100.158691	1.5102475779e-03
100.219727	1.5565160599e-03
100.280762	1.1741000167e-03
100.341797	9.2577882833e-04
100.402832	1.1613084501e-03
100.463867	1.1845325038e-03
100.524902	1.2957492071e-03
100.585938	1.3218959465e-03
100.646973	1.8914093609e-03
100.708008	2.1167617410e-03
100.769043	1.8636183071e-03
100.830078	1.8082336750e-03
100.891113	1.8465111160e-03
100.952148	1.4170479975e-03
101.013184	1.2929584956e-03
101.074219	1.6862711612e-03
101.135254	1.8630005514e-03
101.196289	1.9808852353e-03
101.257324	2.0225885220e-03
101.318359	1.7975305488e-03
101.379395	1.6699542682e-03
101.440430	1.4977140211e-03
101.501465	1.6398993142e-03
101.562500	1.7033096667e-03
101.623535	1.5564599578e-03
101.684570	1.3920981242e-03
101.745605	1.2990971665e-03
101.806641	9.7634948558e-04
101.867676	1.0132463674e-03
101.928711	1.4330180289e-03
101.989746	1.3972495203e-03
102.050781	1.5034504543e-03
102.111816	1.7839761405e-03
102.172852	1.5959902236e-03
102.233887	1.4496839916e-03
102.294922	1.3336687770e-03
102.355957	1.2786247287e-03
102.416992	1.0878783921e-03
102.478027	1.1102904706e-03
102.539062	1.1399795160e-03
102.600098	1.1962044737e-03
102.661133	1.1895901520e-03
102.722168	1.1560904925e-03
102.783203	1.2224360836e-03
102.844238	1.0673860969e-03
102.905273	1.2601459486e-03
102.966309	1.4264994247e-03
103.027344	1.3107648865e-03
103.088379	1.2642311215e-03
103.149414	1.1367380049e-03
103.210449	1.0872875659e-03
103.271484	8.8669913847e-04
103.332520	1.0336589035e-03
103.393555	9.4086524088e-04
103.454590	1.1526452729e-03
103.515625	1.1608505104e-03
103.576660	1.3889424854e-03
103.637695	1.3909503427e-03
103.698730	1.5103069203e-03
103.759766	1.4739041742e-03
103.820801	1.3427303144e-03
103.881836	1.2836487648e-03
103.942871	1.2844011585e-03
104.003906	1.3309486951e-03
104.064941	1.2788826309e-03
104.125977	1.2651158794e-03
104.187012	1.4306109867e-03
104.248047	1.6038772684e-03
104.309082	1.6383838245e-03
104.370117	1.5862236185e-03
104.431152	1.7592041170e-03
104.492188	1.7123018726e-03
104.553223	1.6409023263e-03
104.614258	1.6103982751e-03
104.675293	1.6906063123e-03
104.736328	1.5774480180e-03
104.797363	1.4852226372e-03
104.858398	1.4468655641e-03
104.919434	1.2849566464e-03
104.980469	1.5429527862e-03
105.041504	1.6764906583e-03
105.102539	1.5638289761e-03
105.163574	1.4051466645e-03
105.224609	1.4733172662e-03
105.285645	1.1119977751e-03
105.346680	1.0472074690e-03
105.407715	8.9930633584e-04
105.468750	1.1723272351e-03
105.529785	1.0200224968e-03
105.590820	1.1837414984e-03
105.651855	1.4279709333e-03
105.712891	1.6055987231e-03
105.773926	1.4468897964e-03
105.834961	1.9494083473e-03
105.895996	2.0309729019e-03
105.957031	1.9265497027e-03
106.018066	1.9073210665e-03
106.079102	2.2444281665e-03
106.140137	2.3799278864e-03
106.201172	2.3725325803e-03
106.262207	2.2043631248e-03
106.323242	2.2187440009e-03
106.384277	2.1187228581e-03
106.445312	1.9847775697e-03
106.506348	1.8248443577e-03
106.567383	1.6820154681e-03
106.628418	1.6962529086e-03
106.689453	1.7525603083e-03
106.750488	1.3505916156e-03
106.811523	1.4046778787e-03
106.872559	1.5552986327e-03
106.933594	1.5506340801e-03
106.994629	1.1650877457e-03
107.055664	1.4207170348e-03
107.116699	1.2994219662e-03
107.177734	1.7291430233e-03
107.238770	1.7818062958e-03
107.299805	1.9054632454e-03
107.360840	1.7678563840e-03
107.421875	1.6798935641e-03
107.482910	1.2850527117e-03
107.543945	1.1709925440e-03
107.604980	1.1373869703e-03
107.666016	1.0656034626e-03
107.727051	1.1767206986e-03
107.788086	1.1460581393e-03
107.849121	1.2616030549e-03
107.910156	1.2927843384e-03
107.971191	1.3994891671e-03
108.032227	1.4824379167e-03
108.093262	1.5516215251e-03
108.154297	1.8843447999e-03
108.215332	1.8140952401e-03
108.276367	1.5960354661e-03
108.337402	1.6937591057e-03
108.398438	1.5211377988e-03
108.459473	1.1484333245e-03
108.520508	1.2535140539e-03
108.581543	1.3169788837e-03
108.642578	1.0824604368e-03
108.703613	9.7130850782e-04
108.764648	1.1670032513e-03
108.825684	1.0786828249e-03
108.886719	1.0759449560e-03
108.947754	1.0799440263e-03
109.008789	1.0448575465e-03
109.069824	7.9490086680e-04
109.130859	9.2593606658e-04
109.191895	1.0586131281e-03
109.252930	1.0097430601e-03
109.313965	1.2333121959e-03
109.375000	1.3116352629e-03
109.436035	1.0917263401e-03
109.497070	1.0045035797e-03
109.558105	1.2405495562e-03
109.619141	1.1742671983e-03
109.680176	1.4890905774e-03
109.741211	1.6822871551e-03
109.802246	1.5712921864e-03
109.863281	1.3072257838e-03
109.924316	1.2585880306e-03
109.985352	7.0463087660e-04
110.046387	6.2941147450e-04
110.107422	8.2190006048e-04
110.168457	1.0434882997e-03
110.229492	1.0907885480e-03
110.290527	1.4402428180e-03
110.351562	1.4108606659e-03
110.412598	1.3236676877e-03
110.473633	1.1528077787e-03
110.534668	1.1722987515e-03
110.595703	1.0127867995e-03
110.656738	1.0518899404e-03
110.717773	1.2023662716e-03
110.778809	1.7231062337e-03
110.839844	2.1423624262e-03
110.900879	2.4508513248e-03
110.961914	2.5953228518e-03
111.022949	2.6335205080e-03
111.083984	2.1593155947e-03
111.145020	1.7635914385e-03
111.206055	1.5188948080e-03
111.267090	1.3516845490e-03
111.328125	1.3973547930e-03
111.389160	1.5449348002e-03
111.450195	1.3997573494e-03
111.511230	1.3558385198e-03
111.572266	1.3320770407e-03
111.633301	1.0568488745e-03
111.694336	1.0410790438e-03
111.755371	1.2297449895e-03
111.816406	1.4131339393e-03
111.877441	1.6919265983e-03
111.938477	2.0267247585e-03
111.999512	2.0121149543e-03
112.060547	2.2206163510e-03
112.121582	2.4211367987e-03
112.182617	2.1468432280e-03
112.243652	2.2271756984e-03
112.304688	2.3508223956e-03
112.365723	2.2039412196e-03
112.426758	2.0882027120e-03
112.487793	2.1533200590e-03
112.548828	1.8229536275e-03
112.609863	1.6086378726e-03
112.670898	1.5088570488e-03
112.731934	1.4723970433e-03
112.792969	1.5090227647e-03
112.854004	1.6077342348e-03
112.915039	1.5956308335e-03
112.976074	1.6473635135e-03
113.037109	1.3975370035e-03
113.098145	1.3144888163e-03
113.159180	1.1592565891e-03
113.220215	1.0863911381e-03
113.281250	1.1335830779e-03
113.342285	1.0376535139e-03
113.403320	8.7169497678e-04
113.464355	8.9270703901e-04
113.525391	8.8291177298e-04
113.586426	7.3920503707e-04
113.647461	8.5842369597e-04
113.708496	9.5637276987e-04
113.769531	9.4423489371e-04
113.830566	1.0253232953e-03
113.891602	1.3348115526e-03
113.952637	1.5273391066e-03
114.013672	1.7322579771e-03
114.074707	1.8849646209e-03
114.135742	2.0635293442e-03
114.196777	1.9196207514e-03
114.257812	1.6838682536e-03
114.318848	1.6371799629e-03
114.379883	1.4221317015e-03
114.440918	1.5902936664e-03
114.501953	1.3317139657e-03
114.562988	1.3818310312e-03
114.624023	1.1962289223e-03
114.685059	1.2753232006e-03
114.746094	1.0397051321e-03
114.807129	1.0756906588e-03
114.868164	1.1252938703e-03
114.929199	1.2904173858e-03
114.990234	1.3958064125e-03
115.051270	1.2942594960e-03
115.112305	1.8704475956e-03
115.173340	2.0852639902e-03
115.234375	2.3802856079e-03
115.295410	2.5626235783e-03
115.356445	2.5823673531e-03
115.417480	2.1345077265e-03
115.478516	1.9796364221e-03
115.539551	1.5225760385e-03
115.600586	1.6715159550e-03
115.661621	1.9004065959e-03
115.722656	2.0728203159e-03
115.783691	2.0855680406e-03
115.844727	2.0256139226e-03
115.905762	1.8361940248e-03
115.966797	1.5652720819e-03
116.027832	1.5655896802e-03
116.088867	1.6416939229e-03
116.149902	1.6312089702e-03
116.210938	1.5909644992e-03
116.271973	1.7065094872e-03
116.333008	1.5646927967e-03
116.394043	1.4066910719e-03
116.455078	1.8477993061e-03
116.516113	1.8135496979e-03
116.577148	2.3701138091e-03
116.638184	2.6543338291e-03
116.699219	2.7520123906e-03
116.760254	2.6889097160e-03
116.821289	2.8266279042e-03
116.882324	2.3261997725e-03
116.943359	2.0100505210e-03
117.004395	1.9340008774e-03
117.065430	2.1104127058e-03
117.126465	1.7439028622e-03
117.187500	1.7551088945e-03
117.248535	1.5909906523e-03
117.309570	1.5509872134e-03
117.370605	1.1894848959e-03
117.431641	1.1496344165e-03
117.492676	1.0518739830e-03
117.553711	1.2716445440e-03
117.614746	1.1969387698e-03
117.675781	1.0406286713e-03
117.736816	1.3865385068e-03
117.797852	1.3332966900e-03
117.858887	1.2384351602e-03
117.919922	1.2848007557e-03
117.980957	1.5895635843e-03
118.041992	1.3646849749e-03
118.103027	1.3718993184e-03
118.164062	1.3743168520e-03
118.225098	1.4839369276e-03
118.286133	1.2726139620e-03
118.347168	1.2092201086e-03
118.408203	1.3915559548e-03
118.469238	1.3701174394e-03
118.530273	1.4786310519e-03
118.591309	1.6117213236e-03
118.652344	2.0483813416e-03
118.713379	2.0703762157e-03
118.774414	2.6866925950e-03
118.835449	2.8118750776e-03
118.896484	2.7838694472e-03
118.957520	2.6712667195e-03
119.018555	2.3733681026e-03
119.079590	2.1432967195e-03
119.140625	2.2235623404e-03
119.201660	2.1288281864e-03
119.262695	2.0317592680e-03
119.323730	2.6513715152e-03
119.384766	2.5391277937e-03
119.445801	2.2188485009e-03
119.506836	2.4101293338e-03
119.567871	2.3574959311e-03
119.628906	1.8742710681e-03
119.689941	1.8439570040e-03
119.750977	1.6825206724e-03
119.812012	1.4952402073e-03
119.873047	1.4522361638e-03
119.934082	1.4295629449e-03
119.995117	1.4184302879e-03
120.056152	1.5539522742e-03
120.117188	1.4133841801e-03
120.178223	1.5165952178e-03
120.239258	1.5586261772e-03
120.300293	1.2917668894e-03
120.361328	1.3152938125e-03
120.422363	1.4972429976e-03
120.483398	1.3228210999e-03
120.544434	1.6255794441e-03
120.605469	1.7455449584e-03
120.666504	1.7759728322e-03
120.727539	1.7359386097e-03
120.788574	1.8056882932e-03
120.849609	1.7067379859e-03
120.910645	2.1226740495e-03
120.971680	2.0536578481e-03
121.032715	2.1839356122e-03
121.093750	2.4767570857e-03
121.154785	2.3395623594e-03
121.215820	1.8961057154e-03
121.276855	2.4965118081e-03
121.337891	2.2128341524e-03
121.398926	1.9148176428e-03
121.459961	1.8496107305e-03
121.520996	1.9287967504e-03
121.582031	1.9222743087e-03
121.643066	1.9649985600e-03
121.704102	2.4899044703e-03
121.765137	2.5212790379e-03
121.826172	3.5062839078e-03
121.887207	2.9299698999e-03
121.948242	3.0702668891e-03
122.009277	2.8142453217e-03
122.070312	2.7389746764e-03
122.131348	2.0066716475e-03
122.192383	1.9128933112e-03
122.253418	2.0490696860e-03
122.314453	1.7212069414e-03
122.375488	1.8010674479e-03
122.436523	1.4272601795e-03
122.497559	1.3657365403e-03
122.558594	1.1696646902e-03
122.619629	1.0512834839e-03
122.680664	1.0537076326e-03
122.741699	1.0558687275e-03
122.802734	1.0539488194e-03
122.863770	1.1787817049e-03
122.924805	1.3991248839e-03
122.985840	1.8202825711e-03
123.046875	2.0548517458e-03
123.107910	1.9719815006e-03
123.168945	1.9229809177e-03
123.229980	1.7675497578e-03
123.291016	1.5616324835e-03
123.352051	1.4598656301e-03
123.413086	2.0401736038e-03
123.474121	1.8187060670e-03
123.535156	2.1495406277e-03
123.596191	2.0645871918e-03
123.657227	1.9838565852e-03
123.718262	1.6739992971e-03
123.779297	2.1457480616e-03
123.840332	1.8807147861e-03
123.901367	1.5709678280e-03
123.962402	1.4485792135e-03
124.023438	1.3049988417e-03
124.084473	1.0938209989e-03
124.145508	1.2247364757e-03
124.206543	1.3647403930e-03
124.267578	1.7534250882e-03
124.328613	1.9511731887e-03
124.389648	2.1469116085e-03
124.450684	2.0883295293e-03
124.511719	2.0641844695e-03
124.572754	1.5680975625e-03
124.633789	1.4778722650e-03
124.694824	1.4060520094e-03
124.755859	1.2948956582e-03
124.816895	1.0385454335e-03
124.877930	9.9315103658e-04
