0	0
0.00888672	2.85953e-05
0.0177734	0.000133413
0.0266602	0.000302257
0.0355469	0.000777348
0.0444336	0.00120051
0.0533203	0.00169273
0.062207	0.00254259
0.0710937	0.00276885
0.0799805	0.00208729
0.0888672	0.00234639
0.0977539	0.00308005
0.106641	0.00215546
0.115527	0.00256971
0.124414	0.00329704
0.133301	0.00446176
0.142187	0.0038615
0.151074	0.00676245
0.159961	0.00712832
0.168848	0.00743923
0.177734	0.00785633
0.186621	0.0090295
0.195508	0.00688853
0.204395	0.0079643
0.213281	0.00884303
0.222168	0.0119511
0.231055	0.0104931
0.239941	0.0104224
0.248828	0.0104568
0.257715	0.014148
0.266602	0.0093817
0.275488	0.00954973
0.284375	0.0095351
0.293262	0.0101187
0.302148	0.00776806
0.311035	0.00952278
0.319922	0.0106175
0.328809	0.0117776
0.337695	0.0110603
0.346582	0.00863686
0.355469	0.00920633
0.364355	0.0102437
0.373242	0.00728381
0.382129	0.00760509
0.391016	0.00940299
0.399902	0.00834104
0.408789	0.00779423
0.417676	0.0089922
0.426563	0.00947688
0.435449	0.00797027
0.444336	0.00676765
0.453223	0.00780603
0.462109	0.0071518
0.470996	0.00744702
0.479883	0.0076588
0.48877	0.0101824
0.497656	0.00731453
0.506543	0.00720823
0.51543	0.00612901
0.524316	0.00840563
0.533203	0.00529448
0.54209	0.00888772
0.550977	0.0103845
0.559863	0.0153336
0.56875	0.0146418
0.577637	0.0176448
0.586523	0.0149351
0.59541	0.0155745
0.604297	0.0126461
0.613184	0.0115473
0.62207	0.0114689
0.630957	0.0126992
0.639844	0.012463
0.64873	0.011033
0.657617	0.0104888
0.666504	0.00921364
0.675391	0.00844428
0.684277	0.00808192
0.693164	0.00714667
0.702051	0.00852789
0.710938	0.00723041
0.719824	0.00882585
0.728711	0.00726642
0.737598	0.00742324
0.746484	0.00815163
0.755371	0.00976686
0.764258	0.00732584
0.773145	0.007656
0.782031	0.00772893
0.790918	0.00813832
0.799805	0.00958674
0.808691	0.00968019
0.817578	0.0101771
0.826465	0.0145136
0.835352	0.0129743
0.844238	0.0112995
0.853125	0.0120769
0.862012	0.0126754
0.870898	0.0106281
0.879785	0.0104818
0.888672	0.0107792
0.897559	0.0101769
0.906445	0.0105136
0.915332	0.00734115
0.924219	0.00691118
0.933105	0.005516
0.941992	0.0050574
0.950879	0.0048475
0.959766	0.00400871
0.968652	0.0052448
0.977539	0.00502483
0.986426	0.00562086
0.995313	0.00460932
1.0042	0.00629092
1.01309	0.00502196
1.02197	0.0048662
1.03086	0.00449918
1.03975	0.00449476
1.04863	0.00295736
1.05752	0.00369699
1.06641	0.00355494
1.07529	0.00465102
1.08418	0.00501958
1.09307	0.00645058
1.10195	0.00636625
1.11084	0.00928951
1.11973	0.00863922
1.12861	0.008317
1.1375	0.00749081
1.14639	0.00664112
1.15527	0.00493546
1.16416	0.0046937
1.17305	0.00540296
1.18193	0.00468967
1.19082	0.00470284
1.19971	0.00465632
1.20859	0.00414663
1.21748	0.00622096
1.22637	0.00694697
1.23525	0.00787695
1.24414	0.00646803
1.25303	0.0067879
1.26191	0.00357733
1.2708	0.00322656
1.27969	0.0028411
1.28857	0.00277988
1.29746	0.00276281
1.30635	0.003657
1.31523	0.00388958
1.32412	0.0037404
1.33301	0.00389794
1.34189	0.00503947
1.35078	0.00468577
1.35967	0.00390676
1.36855	0.0038533
1.37744	0.00507569
1.38633	0.0034145
1.39521	0.00314294
1.4041	0.00366504
1.41299	0.00388269
1.42188	0.0028572
1.43076	0.00332123
1.43965	0.00462111
1.44854	0.00490901
1.45742	0.00478697
1.46631	0.00461526
1.4752	0.00470448
1.48408	0.00375136
1.49297	0.00324191
1.50186	0.00326008
1.51074	0.00396442
1.51963	0.00331168
1.52852	0.00430345
1.5374	0.00599419
1.54629	0.00594131
1.55518	0.0054845
1.56406	0.00615947
1.57295	0.0049881
1.58184	0.00323515
1.59072	0.00383254
1.59961	0.00382613
1.6085	0.0035993
1.61738	0.00341069
1.62627	0.00375316
1.63516	0.00415429
1.64404	0.00432936
1.65293	0.00560316
1.66182	0.00633856
1.6707	0.00686668
1.67959	0.00614504
1.68848	0.00664855
1.69736	0.00653125
1.70625	0.00678552
1.71514	0.0057062
1.72402	0.00728543
1.73291	0.00666721
1.7418	0.005448
1.75068	0.00441305
1.75957	0.0048422
1.76846	0.00295083
1.77734	0.00256509
1.78623	0.00241534
1.79512	0.0024549
1.804	0.00377357
1.81289	0.00496949
1.82178	0.00529871
1.83066	0.00619848
1.83955	0.00592764
1.84844	0.00434379
1.85732	0.00324261
1.86621	0.00360791
1.8751	0.00244942
1.88398	0.00253149
1.89287	0.00366336
1.90176	0.00430506
1.91064	0.00345318
1.91953	0.00477759
1.92842	0.00445193
1.9373	0.00360265
1.94619	0.00379146
1.95508	0.00413691
1.96396	0.00300641
1.97285	0.00313543
1.98174	0.00368072
1.99063	0.00437688
1.99951	0.00423336
2.0084	0.00472084
2.01729	0.00462696
2.02617	0.00495456
2.03506	0.00324698
2.04395	0.00329712
2.05283	0.0033724
2.06172	0.00368494
2.07061	0.00445011
2.07949	0.00618438
2.08838	0.00611409
2.09727	0.00649177
2.10615	0.00648327
2.11504	0.00505462
2.12393	0.00388849
2.13281	0.00396481
2.1417	0.00399259
2.15059	0.00470227
2.15947	0.00478239
2.16836	0.00448461
2.17725	0.00496833
2.18613	0.00467194
2.19502	0.00382807
2.20391	0.00437043
2.21279	0.00429116
2.22168	0.00388516
2.23057	0.00318556
2.23945	0.00435104
2.24834	0.00526836
2.25723	0.00533714
2.26611	0.00552801
2.275	0.00647922
2.28389	0.00683077
2.29277	0.00783527
2.30166	0.00960452
2.31055	0.0113062
2.31943	0.0105107
2.32832	0.0110863
2.33721	0.00962728
2.34609	0.00793042
2.35498	0.00801089
2.36387	0.00874946
2.37275	0.00758219
2.38164	0.00679893
2.39053	0.00694449
2.39941	0.00655525
2.4083	0.00606565
2.41719	0.00522444
2.42607	0.00745955
2.43496	0.00781901
2.44385	0.00600134
2.45273	0.00604087
2.46162	0.00680972
2.47051	0.00402452
2.47939	0.00330237
2.48828	0.00390008
2.49717	0.00380571
2.50605	0.00336655
2.51494	0.00386804
2.52383	0.00358762
2.53271	0.00538195
2.5416	0.00543406
2.55049	0.00765819
2.55938	0.00668715
2.56826	0.00764575
2.57715	0.00572979
2.58604	0.0055629
2.59492	0.00492062
2.60381	0.00607988
2.6127	0.0062717
2.62158	0.00724635
2.63047	0.00881437
2.63936	0.00734373
2.64824	0.0113665
2.65713	0.0111865
2.66602	0.0109055
2.6749	0.0105894
2.68379	0.01112
2.69268	0.00567759
2.70156	0.00629684
2.71045	0.00586495
2.71934	0.00643179
2.72822	0.00600664
2.73711	0.00803457
2.746	0.00951839
2.75488	0.00949618
2.76377	0.00859788
2.77266	0.0105329
2.78154	0.00929995
2.79043	0.00879499
2.79932	0.0104749
2.8082	0.0135061
2.81709	0.0123988
2.82598	0.0148337
2.83486	0.0143719
2.84375	0.0131284
2.85264	0.00989891
2.86152	0.00956685
2.87041	0.00732892
2.8793	0.0062536
2.88818	0.00522142
2.89707	0.00548797
2.90596	0.00681914
2.91484	0.0137092
2.92373	0.0178106
2.93262	0.0212896
2.9415	0.0224027
2.95039	0.020706
2.95928	0.0141483
2.96816	0.0185474
2.97705	0.0169204
2.98594	0.0222744
2.99482	0.0233401
3.00371	0.0264285
3.0126	0.0187409
3.02148	0.0178787
3.03037	0.0105724
3.03926	0.00930327
3.04814	0.00677244
3.05703	0.00519013
3.06592	0.00476392
3.0748	0.0060833
3.08369	0.00649582
3.09258	0.00728876
3.10146	0.00957999
3.11035	0.0124533
3.11924	0.0116985
3.12813	0.0146721
3.13701	0.0149184
3.1459	0.0142502
3.15479	0.0109945
3.16367	0.0124283
3.17256	0.0111852
3.18145	0.00852051
3.19033	0.0153212
3.19922	0.0199504
3.20811	0.0196347
3.21699	0.0180575
3.22588	0.0201586
3.23477	0.0126729
3.24365	0.0125651
3.25254	0.0151001
3.26143	0.0155168
3.27031	0.0139404
3.2792	0.016797
3.28809	0.0133133
3.29697	0.0130302
3.30586	0.0166337
3.31475	0.0226565
3.32363	0.0210861
3.33252	0.0216583
3.34141	0.0183308
3.35029	0.0181677
3.35918	0.0129535
3.36807	0.0129971
3.37695	0.011916
3.38584	0.0120985
3.39473	0.00970361
3.40361	0.00940718
3.4125	0.00976965
3.42139	0.0089806
3.43027	0.0108637
3.43916	0.0112807
3.44805	0.0127122
3.45693	0.0106602
3.46582	0.0157457
3.47471	0.0172698
3.48359	0.0166252
3.49248	0.0156783
3.50137	0.0151346
3.51025	0.0156522
3.51914	0.0124264
3.52803	0.0121069
3.53691	0.0113616
3.5458	0.0156939
3.55469	0.0146793
3.56357	0.014987
3.57246	0.0193891
3.58135	0.0192224
3.59023	0.0183684
3.59912	0.0154931
3.60801	0.0173391
3.61689	0.0135414
3.62578	0.0146179
3.63467	0.0113311
3.64355	0.0116944
3.65244	0.00966254
3.66133	0.00908931
3.67021	0.00889409
3.6791	0.012205
3.68799	0.014503
3.69687	0.0172033
3.70576	0.017403
3.71465	0.0206905
3.72354	0.0201155
3.73242	0.0190042
3.74131	0.0176385
3.7502	0.0174801
3.75908	0.0183641
3.76797	0.0189601
3.77686	0.0161317
3.78574	0.0152654
3.79463	0.0134427
3.80352	0.0114924
3.8124	0.00761583
3.82129	0.0126803
3.83018	0.0145998
3.83906	0.0163577
3.84795	0.0168115
3.85684	0.0188721
3.86572	0.0171359
3.87461	0.0187514
3.8835	0.0208457
3.89238	0.0187465
3.90127	0.0222065
3.91016	0.0187426
3.91904	0.0190734
3.92793	0.0178204
3.93682	0.0183041
3.9457	0.0133591
3.95459	0.0185032
3.96348	0.0150293
3.97236	0.0275055
3.98125	0.0410063
3.99014	0.0524799
3.99902	0.0690955
4.00791	0.379434
4.0168	0.373262
4.02568	0.366922
4.03457	0.357175
4.04346	0.337312
4.05234	0.0279155
4.06123	0.024477
4.07012	0.0184425
4.079	0.0217862
4.08789	0.0232315
4.09678	0.021597
4.10566	0.0242627
4.11455	0.0241799
4.12344	0.0234305
4.13232	0.0225238
4.14121	0.0261751
4.1501	0.0317664
4.15898	0.0332258
4.16787	0.0301684
4.17676	0.0311328
4.18564	0.0249807
4.19453	0.017969
4.20342	0.0142883
4.2123	0.0301865
4.22119	0.0284488
4.23008	0.0276993
4.23896	0.02495
4.24785	0.0283849
4.25674	0.0147169
4.26562	0.0244359
4.27451	0.0257709
4.2834	0.0230924
4.29229	0.0288098
4.30117	0.0332916
4.31006	0.0236794
4.31895	0.0193654
4.32783	0.0205592
4.33672	0.0132478
4.34561	0.0108938
4.35449	0.0125382
4.36338	0.0139473
4.37227	0.025414
4.38115	0.0280046
4.39004	0.0249907
4.39893	0.0326008
4.40781	0.032637
4.4167	0.0242911
4.42559	0.0206226
4.43447	0.0214941
4.44336	0.0151908
4.45225	0.0162698
4.46113	0.0155676
4.47002	0.0149915
4.47891	0.014743
4.48779	0.0147901
4.49668	0.0136604
4.50557	0.00989739
4.51445	0.00995165
4.52334	0.00707296
4.53223	0.00312396
