0		16.82
1		16.92
2		16.92
3		16.92
4		16.90
5		16.95
6		16.97
7		16.97
8		16.95
9		16.97
10		17.10
11		16.95
12		17.02
13		17.05
14		17.10
15		17.15
16		17.12
17		17.20
18		17.12
19		17.22
20		17.20
21		17.34
22		17.24
23		17.42
24		17.39
25		17.47
26		17.49
27		17.59
28		17.72
29		17.72
30		17.84
31		17.97
32		18.07
33		18.19
34		18.32
35		18.49
36		18.54
37		18.64
38		18.59
39		18.56
40		18.41
41		18.17
42		18.04
43		17.82
44		17.54
45		17.34
46		17.17
47		16.97
48		16.95
49		16.87
50		16.80
51		16.75
52		16.67
53		16.72
54		16.70
55		16.77
56		16.80
57		16.85
58		16.95
59		16.97
60		17.00
61		17.02
62		17.02
63		17.02
64		16.92
65		16.85
66		16.80
67		16.70
68		16.60
69		16.50
70		16.47
71		16.52
72		16.42
73		16.45
74		16.30
75		16.37
76		16.30
77		16.32
78		16.22
79		16.27
80		16.22
81		16.15
82		16.27
83		16.17
84		16.17
85		16.05
86		16.08
87		16.17
88		16.05
89		16.12
90		16.12
91		16.08
92		16.08
93		16.12
94		16.10
95		16.17
96		16.10
97		16.12
98		16.10
99		16.12
100		16.12
101		16.17
102		16.15
103		16.12
104		16.10
105		16.15
106		16.10
107		16.15
108		16.12
109		16.17
110		16.12
111		16.12
112		16.17
113		16.17
114		16.25
115		16.20
116		16.30
117		16.22
118		16.32
119		16.25
120		16.35
121		16.30
122		16.32
123		16.40
124		16.42
125		16.42
126		16.45
127		16.47
128		16.42
129		16.52
130		16.42
131		16.47
132		16.42
133		16.50
134		16.47
135		16.52
136		16.47
137		16.47
138		16.42
139		16.50
140		16.47
141		16.52
142		16.50
143		16.50
144		16.42
145		16.52
146		16.50
147		16.55
148		16.50
149		16.52
150		16.57
151		16.52
152		16.60
153		16.52
154		16.57
155		16.57
156		16.55
157		16.55
158		16.50
159		16.55
160		16.52
161		16.50
162		16.52
163		16.50
164		16.57
165		16.52
166		16.52
167		16.50
168		16.57
169		16.45
170		16.60
171		16.50
172		16.60
173		16.50
174		16.60
175		16.55
176		16.60
177		16.60
178		16.60
179		16.60
180		16.57
181		16.57
182		16.57
183		16.60
184		16.62
185		16.60
186		16.62
187		16.62
188		16.60
189		16.60
190		16.62
191		16.67
192		16.62
193		16.65
194		16.62
195		16.67
196		16.60
197		16.70
198		16.67
199		16.72
200		16.65
201		16.67
202		16.75
203		16.75
204		16.67
205		16.70
206		16.67
207		16.75
208		16.65
209		16.72
210		16.75
211		16.77
212		16.77
213		16.75
214		16.80
215		16.82
216		16.82
217		16.90
218		16.87
219		17.00
220		16.97
221		17.05
222		17.12
223		17.15
224		17.24
225		17.15
226		17.24
227		17.24
228		17.24
229		17.10
230		17.05
231		16.97
232		16.85
233		16.75
234		16.65
235		16.62
236		16.52
237		16.47
238		16.47
239		16.45
240		16.50
241		16.47
242		16.55
243		16.50
244		16.60
245		16.52
246		16.70
247		16.70
248		16.72
249		16.75
250		16.75
251		16.77
252		16.82
253		16.80
254		16.85
255		16.87
256		16.90
257		16.75
258		16.92
259		16.92
260		17.00
261		16.97
262		16.97
263		17.05
264		17.10
265		17.15
266		17.07
267		17.20
268		17.32
269		17.34
270		17.39
271		17.57
272		17.52
273		17.57
274		17.59
275		17.62
276		17.69
277		17.69
278		17.69
279		17.74
280		17.72
281		17.77
282		17.72
283		17.72
284		17.67
285		17.67
286		17.67
287		17.64
288		17.59
289		17.59
290		17.64
291		17.62
292		17.79
293		17.74
294		17.92
295		17.97
296		18.12
297		18.19
298		18.44
299		18.44
300		18.51
301		18.59
302		18.44
303		18.44
304		18.32
305		18.27
306		18.17
307		17.94
308		17.87
309		17.77
310		17.79
311		17.59
312		17.57
313		17.57
314		17.57
315		17.59
316		17.52
317		17.49
318		17.39
319		17.47
320		17.37
321		17.44
322		17.32
323		17.29
324		17.24
325		17.15
326		17.12
327		17.05
328		17.05
329		17.00
330		16.97
331		16.87
332		16.82
333		16.85
334		16.80
335		16.75
336		16.80
337		16.75
338		16.62
339		16.65
340		16.67
341		16.57
342		16.60
343		16.57
344		16.60
345		16.50
346		16.62
347		16.55
348		16.55
349		16.50
350		16.52
351		16.52
352		16.57
353		16.60
354		16.52
355		16.65
356		16.52
357		16.60
358		16.57
359		16.70
360		16.70
361		16.72
362		16.80
363		16.70
364		16.87
365		16.87
366		16.95
367		17.07
368		17.02
369		17.12
370		17.20
371		17.24
372		17.24
373		17.42
374		17.44
375		17.57
376		17.64
377		17.69
378		17.74
379		17.87
380		17.87
381		17.94
382		17.99
383		18.04
384		18.04
385		18.09
386		18.07
387		18.07
388		17.92
389		17.94
390		17.87
391		18.02
392		17.82
393		17.79
394		17.74
395		17.72
396		17.62
397		17.49
398		17.39
399		17.39
400		17.32
401		17.27
402		17.22
403		17.20
404		17.07
405		17.05
406		16.97
407		17.02
408		16.85
409		16.82
410		16.80
411		16.77
412		16.75
413		16.70
414		16.77
415		16.70
416		16.67
417		16.70
418		16.75
419		16.67
420		16.70
421		16.82
422		16.72
423		16.87
424		16.87
425		17.00
426		17.10
427		17.29
428		17.34
429		17.57
430		17.69
431		17.87
432		18.02
433		18.04
434		18.14
435		18.07
436		18.09
437		18.04
438		17.97
439		17.84
440		17.79
441		17.77
442		17.69
443		17.59
444		17.57
445		17.57
446		17.52
447		17.47
448		17.42
449		17.42
450		17.29
451		17.29
452		17.39
453		17.24
454		17.17
455		17.17
456		17.20
457		17.15
458		17.07
459		17.10
460		17.07
461		17.10
462		16.97
463		16.97
464		17.07
465		16.92
466		17.00
467		16.87
468		16.95
469		16.87
470		17.00
471		16.90
472		16.97
473		16.97
474		17.00
475		17.12
476		16.97
477		17.07
478		17.00
479		17.10
480		17.07
481		17.10
482		17.05
483		17.02
484		17.15
485		17.07
486		17.10
487		17.05
488		17.10
489		17.10
490		17.05
491		17.05
492		16.97
493		17.07
494		17.00
495		17.00
496		16.87
497		17.00
498		16.87
499		16.90
500		16.82
501		16.77
502		16.67
503		16.75
504		16.75
505		16.75
506		16.72
507		16.62
508		16.70
509		16.60
510		16.67
511		16.57
512		16.57
513		16.50
514		16.57
515		16.52
516		16.50
517		16.47
518		16.52
519		16.45
520		16.55
521		16.50
522		16.52
523		16.57
524		16.52
525		16.57
526		16.62
527		16.75
528		16.60
529		16.72
530		16.72
531		16.85
532		16.77
533		16.90
534		16.82
535		16.82
536		16.85
537		16.82
538		17.00
539		16.97
540		17.10
541		17.17
542		17.27
543		17.22
544		17.12
545		17.10
546		16.82
547		16.70
548		16.47
549		16.45
550		16.27
551		16.17
552		16.20
553		16.03
554		16.08
555		16.00
556		16.00
557		16.08
558		16.08
559		16.08
560		16.05
561		16.10
562		16.05
563		16.15
564		16.20
565		16.22
566		16.20
567		16.17
568		16.27
569		16.27
570		16.40
571		16.27
572		16.37
573		16.35
574		16.42
575		16.45
576		16.45
577		16.45
578		16.47
579		16.52
580		16.47
581		16.50
582		16.45
583		16.50
584		16.45
585		16.52
586		16.47
587		16.55
588		16.52
589		16.45
590		16.52
591		16.42
592		16.55
593		16.50
594		16.50
595		16.55
596		16.52
597		16.55
598		16.55
599		16.57
600		16.62
601		16.52
602		16.60
603		16.62
604		16.65
605		16.62
606		16.65
607		16.65
608		16.67
609		16.65
610		16.62
611		16.62
612		16.55
613		16.60
614		16.55
615		16.57
616		16.52
617		16.50
618		16.57
619		16.55
620		16.57
621		16.57
622		16.65
623		16.60
624		16.67
625		16.67
626		16.67
627		16.72
628		16.87
629		16.87
630		16.92
631		17.00
632		17.05
633		17.12
634		17.27
635		17.27
636		17.32
637		17.32
638		17.44
639		17.34
640		17.42
641		17.34
642		17.34
643		17.29
644		17.20
645		17.24
646		17.17
647		17.15
648		17.12
649		17.12
650		17.07
651		17.15
652		17.10
653		17.10
654		17.07
655		17.07
656		17.07
657		17.02
658		16.95
659		16.97
660		17.00
661		16.92
662		16.92
663		16.82
664		16.85
665		16.82
666		16.82
667		16.80
668		16.77
669		16.82
670		16.77
671		16.82
672		16.87
673		16.92
674		16.87
675		16.95
676		17.02
677		17.12
678		17.20
679		17.24
680		17.27
681		17.27
682		17.32
683		17.24
684		17.20
685		17.29
686		17.10
687		17.12
688		17.07
689		17.02
690		16.97
691		16.97
692		16.90
693		16.85
694		16.87
695		16.67
696		16.67
697		16.67
698		16.60
699		16.55
700		16.55
701		16.52
702		16.57
703		16.52
704		16.55
705		16.47
706		16.50
707		16.40
708		16.47
709		16.30
710		16.47
711		16.45
712		16.45
713		16.50
714		16.52
715		16.50
716		16.65
717		16.65
718		16.72
719		16.70
720		16.77
721		16.87
722		16.90
723		17.02
724		17.02
725		17.07
726		17.10
727		17.05
728		17.15
729		17.17
730		17.12
731		17.17
732		17.10
733		17.10
734		17.05
735		17.00
736		17.02
737		16.95
738		16.95
739		16.95
740		16.87
741		16.87
742		16.85
743		16.90
744		16.80
745		16.80
746		16.95
747		16.82
748		16.87
749		16.82
750		16.90
751		16.90
752		16.85
753		16.97
754		16.90
755		17.00
756		17.00
757		17.00
758		17.02
759		17.05
760		17.02
761		17.07
762		17.12
763		17.12
764		17.15
765		17.12
766		17.07
767		17.15
768		17.10
769		17.15
770		17.07
771		17.20
772		17.12
773		17.17
774		17.12
775		17.20
776		17.22
777		17.15
778		17.22
779		17.22
780		17.22
781		17.20
782		17.27
783		17.22
784		17.24
785		17.32
786		17.29
787		17.24
788		17.24
789		17.39
790		17.34
791		17.39
792		17.42
793		17.42
794		17.44
795		17.49
796		17.54
797		17.49
798		17.57
799		17.59
800		17.64
801		17.69
802		17.69
803		17.74
804		17.74
805		17.82
806		17.87
807		17.92
808		17.92
809		17.89
810		18.04
811		18.02
812		18.07
813		18.09
814		18.12
815		18.14
816		18.19
817		18.24
818		18.29
819		18.27
820		18.32
821		18.32
822		18.32
823		18.46
824		18.41
825		18.44
826		18.41
827		18.51
828		18.51
829		18.54
830		18.51
831		18.64
832		18.66
833		18.64
834		18.69
835		18.69
836		18.76
837		18.71
838		18.71
839		18.54
840		18.36
841		18.12
842		17.77
843		17.54
844		17.29
845		17.10
846		16.85
847		16.75
848		16.60
849		16.55
850		16.50
851		16.37
852		16.45
853		16.40
854		16.40
855		16.37
856		16.45
857		16.40
858		16.37
859		16.57
860		16.50
861		16.55
862		16.52
863		16.65
864		16.60
865		16.67
866		16.75
867		16.75
868		16.80
869		16.87
870		16.90
871		16.92
872		17.00
873		17.05
874		17.07
875		17.22
876		17.32
877		17.39
878		17.52
879		17.64
880		17.84
881		17.97
882		18.12
883		18.24
884		18.36
885		18.29
886		18.41
887		18.19
888		18.07
889		17.92
890		17.69
891		17.49
892		17.29
893		17.20
894		17.12
895		16.90
896		16.82
897		16.72
898		16.70
899		16.75
900		16.65
901		16.70
902		16.65
903		16.75
904		16.87
905		16.92
906		17.12
907		17.27
908		17.54
909		17.84
910		18.07
911		18.24
912		18.34
913		18.27
914		18.09
915		17.99
916		17.94
917		17.69
918		17.54
919		17.44
920		17.37
921		17.20
922		17.17
923		17.07
924		17.05
925		16.97
926		16.97
927		16.87
928		16.80
929		16.77
930		16.75
931		16.75
932		16.72
933		16.65
934		16.67
935		16.55
936		16.60
937		16.55
938		16.55
939		16.55
940		16.50
941		16.47
942		16.52
943		16.47
944		16.50
945		16.42
946		16.42
947		16.45
948		16.40
949		16.47
950		16.45
951		16.47
952		16.40
953		16.42
954		16.45
955		16.42
956		16.42
957		16.37
958		16.52
959		16.50
960		16.52
961		16.57
962		16.57
963		16.55
964		16.55
965		16.60
966		16.57
967		16.65
968		16.52
969		16.67
970		16.62
971		16.67
972		16.65
973		16.60
974		16.60
975		16.60
976		16.67
977		16.60
978		16.62
979		16.62
980		16.57
981		16.60
982		16.57
983		16.70
984		16.57
985		16.55
986		16.55
987		16.55
988		16.52
989		16.60
990		16.57
991		16.62
992		16.65
993		16.62
994		16.67
995		16.72
996		16.67
997		16.72
998		16.80
999		16.85
1000		16.92
1001		17.05
1002		17.15
1003		17.39
1004		17.44
1005		17.64
1006		17.79
1007		17.87
1008		17.82
1009		17.74
1010		17.69
1011		17.49
1012		17.37
1013		17.17
1014		17.05
1015		16.85
1016		16.77
1017		16.72
1018		16.52
1019		16.42
1020		16.40
1021		16.37
1022		16.27
1023		16.37
1024		16.32
1025		16.25
1026		16.27
1027		16.25
1028		16.27
1029		16.15
1030		16.32
1031		16.30
1032		16.22
1033		16.25
1034		16.32
1035		16.27
1036		16.30
1037		16.25
1038		16.27
1039		16.30
1040		16.30
1041		16.32
1042		16.32
1043		16.32
1044		16.40
1045		16.35
1046		16.37
1047		16.32
1048		16.40
1049		16.35
1050		16.42
1051		16.40
1052		16.45
1053		16.47
1054		16.40
1055		16.45
1056		16.40
1057		16.45
1058		16.55
1059		16.47
1060		16.45
1061		16.52
1062		16.52
1063		16.47
1064		16.60
1065		16.52
1066		16.50
1067		16.47
1068		16.60
1069		16.60
1070		16.60
1071		16.57
1072		16.60
1073		16.62
1074		16.57
1075		16.67
1076		16.62
1077		16.62
1078		16.72
1079		16.75
1080		16.70
1081		16.80
1082		16.82
1083		16.77
1084		16.85
1085		16.85
1086		16.97
1087		16.92
1088		16.95
1089		17.00
1090		16.95
1091		17.00
1092		17.02
1093		17.05
1094		17.02
1095		17.12
1096		17.10
1097		17.00
1098		17.15
1099		17.05
1100		17.15
1101		16.97
1102		17.07
1103		17.07
1104		17.02
1105		17.00
1106		17.02
1107		16.97
1108		16.90
1109		16.92
1110		16.85
1111		16.85
1112		16.80
1113		16.80
1114		16.77
1115		16.70
1116		16.77
1117		16.62
1118		16.67
1119		16.67
1120		16.62
1121		16.65
1122		16.70
1123		16.65
1124		16.65
1125		16.70
1126		16.67
1127		16.85
1128		16.80
1129		16.85
1130		16.82
1131		16.92
1132		16.87
1133		16.85
1134		16.90
1135		16.90
1136		16.85
1137		16.80
1138		16.97
1139		16.82
1140		16.82
1141		16.80
1142		16.72
1143		16.75
1144		16.75
1145		16.72
1146		16.67
1147		16.67
1148		16.62
1149		16.70
1150		16.67
1151		16.52
1152		16.72
1153		16.70
1154		16.70
1155		16.65
1156		16.72
1157		16.72
1158		16.75
1159		16.87
1160		16.67
1161		16.80
1162		16.85
1163		16.85
1164		16.87
1165		16.95
1166		16.97
1167		17.07
1168		17.20
1169		17.24
1170		17.42
1171		17.44
1172		17.47
1173		17.44
1174		17.37
1175		17.24
1176		17.07
1177		16.87
1178		16.62
1179		16.60
1180		16.50
1181		16.47
1182		16.30
1183		16.25
1184		16.30
1185		16.20
1186		16.22
1187		16.22
1188		16.25
1189		16.22
1190		16.27
1191		16.25
1192		16.20
1193		16.30
1194		16.30
1195		16.35
1196		16.35
1197		16.42
1198		16.35
1199		16.42
1200		16.35
1201		16.30
1202		16.45
1203		16.40
1204		16.35
1205		16.27
1206		16.25
1207		16.25
1208		16.22
1209		16.15
1210		16.17
1211		16.12
1212		16.03
1213		16.12
1214		16.03
1215		16.05
1216		16.08
1217		16.08
1218		16.08
1219		16.05
1220		16.10
1221		16.05
1222		16.10
1223		16.12
1224		16.10
1225		16.17
1226		16.22
1227		16.17
1228		16.27
1229		16.22
1230		16.12
1231		16.15
1232		16.15
1233		16.03
1234		16.05
1235		16.03
1236		16.00
1237		15.98
1238		16.03
1239		15.90
1240		15.98
1241		15.90
1242		15.95
1243		15.93
1244		15.93
1245		15.88
1246		15.90
1247		15.93
1248		15.90
1249		15.95
1250		15.98
1251		15.95
1252		15.95
1253		15.98
1254		15.95
1255		15.95
1256		16.00
1257		15.95
1258		15.98
1259		15.98
1260		15.98
1261		16.10
1262		16.03
1263		16.10
1264		16.05
1265		16.10
1266		16.08
1267		16.20
1268		16.10
1269		16.17
1270		16.22
1271		16.17
1272		16.20
1273		16.22
1274		16.25
1275		16.30
1276		16.30
1277		16.22
1278		16.32
1279		16.32
1280		16.32
1281		16.35
1282		16.40
1283		16.37
1284		16.32
1285		16.37
1286		16.42
1287		16.40
1288		16.45
1289		16.42
1290		16.50
1291		16.52
1292		16.50
1293		16.37
1294		16.50
1295		16.45
1296		16.45
1297		16.50
1298		16.50
1299		16.55
1300		16.50
1301		16.55
1302		16.47
1303		16.57
1304		16.55
1305		16.45
1306		16.47
1307		16.57
1308		16.55
1309		16.55
1310		16.60
1311		16.60
1312		16.52
1313		16.57
1314		16.55
1315		16.52
1316		16.57
1317		16.60
1318		16.50
1319		16.60
1320		16.52
1321		16.47
1322		16.52
1323		16.57
1324		16.52
1325		16.50
1326		16.52
1327		16.50
1328		16.52
1329		16.50
1330		16.45
1331		16.40
1332		16.47
1333		16.47
1334		16.42
1335		16.45
1336		16.47
1337		16.47
1338		16.42
1339		16.52
1340		16.45
1341		16.47
1342		16.50
1343		16.45
1344		16.47
1345		16.52
1346		16.55
1347		16.47
1348		16.55
1349		16.50
1350		16.50
1351		16.57
1352		16.57
1353		16.60
1354		16.55
1355		16.62
1356		16.65
1357		16.67
1358		16.75
1359		16.75
1360		16.80
1361		16.82
1362		16.85
1363		16.95
1364		17.02
1365		17.07
1366		17.20
1367		17.27
1368		17.47
1369		17.52
1370		17.67
1371		17.77
1372		17.79
1373		17.89
1374		17.84
1375		17.77
1376		17.72
1377		17.69
1378		17.59
1379		17.44
1380		17.34
1381		17.27
1382		17.17
1383		17.00
1384		16.92
1385		16.85
1386		16.85
1387		16.77
1388		16.70
1389		16.67
1390		16.62
1391		16.70
1392		16.60
1393		16.65
1394		16.62
1395		16.62
1396		16.57
1397		16.60
1398		16.60
1399		16.57
1400		16.60
1401		16.57
1402		16.62
1403		16.62
1404		16.60
1405		16.60
1406		16.67
1407		16.67
1408		16.62
1409		16.67
1410		16.62
1411		16.70
1412		16.67
1413		16.70
1414		16.75
1415		16.80
1416		16.75
1417		16.80
1418		16.95
1419		16.87
1420		16.97
1421		17.05
1422		17.10
1423		17.15
1424		17.24
1425		17.37
1426		17.29
1427		17.42
1428		17.47
1429		17.52
1430		17.54
1431		17.62
1432		17.62
1433		17.72
1434		17.67
1435		17.67
1436		17.72
1437		17.72
1438		17.77
1439		17.59
1440		17.69
1441		17.67
1442		17.69
1443		17.79
1444		17.77
1445		17.87
1446		17.89
1447		17.92
1448		17.92
1449		18.04
1450		18.07
1451		17.94
1452		18.04
1453		17.82
1454		17.89
1455		17.77
1456		17.72
1457		17.64
1458		17.54
1459		17.47
1460		17.42
1461		17.29
1462		17.22
1463		17.27
1464		17.17
1465		17.17
1466		17.12
1467		17.15
1468		17.10
1469		17.07
1470		17.02
1471		17.02
1472		17.00
1473		16.92
1474		17.05
1475		17.02
1476		17.02
1477		17.07
1478		17.05
1479		17.07
1480		17.05
1481		17.10
1482		17.15
1483		17.12
1484		17.07
1485		17.15
1486		17.05
1487		17.22
1488		17.20
1489		17.02
1490		17.10
1491		17.07
1492		17.12
1493		17.07
1494		17.10
1495		17.02
1496		17.07
1497		17.07
1498		17.07
1499		17.12
1500		17.10
1501		17.15
1502		17.12
1503		17.15
1504		17.15
1505		17.24
1506		17.22
1507		17.22
1508		17.24
1509		17.24
1510		17.17
1511		17.20
1512		17.22
1513		17.20
1514		17.20
1515		17.27
1516		17.22
1517		17.20
1518		17.15
1519		17.05
1520		17.10
1521		17.10
1522		17.10
1523		17.07
1524		17.22
1525		17.10
1526		17.15
1527		17.20
1528		17.27
1529		17.27
1530		17.39
1531		17.39
1532		17.44
1533		17.54
1534		17.54
1535		17.67
1536		17.64
1537		17.82
1538		17.89
1539		17.92
1540		18.07
1541		18.09
1542		18.19
1543		18.36
1544		18.49
1545		18.59
1546		18.61
1547		18.46
1548		18.51
1549		18.32
1550		18.12
1551		17.99
1552		17.79
1553		17.57
1554		17.44
1555		17.34
1556		17.15
1557		17.07
1558		17.07
1559		17.02
1560		17.02
1561		16.92
1562		17.00
1563		16.97
1564		17.05
1565		16.97
1566		16.97
1567		17.02
1568		17.07
1569		17.15
1570		17.15
1571		17.22
1572		17.27
1573		17.32
1574		17.37
1575		17.44
1576		17.42
1577		17.47
1578		17.67
1579		17.62
1580		17.67
1581		17.62
1582		17.72
1583		17.64
1584		17.64
1585		17.57
1586		17.49
1587		17.47
1588		17.37
1589		17.34
1590		17.22
1591		17.20
1592		17.12
1593		17.05
1594		16.97
1595		16.97
1596		16.95
1597		16.87
1598		16.82
1599		16.72
1600		16.70
1601		16.72
1602		16.65
1603		16.67
1604		16.55
1605		16.70
1606		16.57
1607		16.62
1608		16.57
1609		16.65
1610		16.67
1611		16.70
1612		16.72
1613		16.70
1614		16.70
1615		16.77
1616		16.85
1617		16.85
1618		16.87
1619		16.95
1620		17.02
1621		17.10
1622		17.24
1623		17.37
1624		17.44
1625		17.67
1626		17.74
1627		17.84
1628		17.82
1629		17.77
1630		17.67
1631		17.49
1632		17.47
1633		17.29
1634		17.32
1635		17.05
1636		16.92
1637		16.92
1638		16.82
1639		16.77
1640		16.65
1641		16.62
1642		16.50
1643		16.47
1644		16.32
1645		16.37
1646		16.32
1647		16.32
1648		16.32
1649		16.30
1650		16.32
1651		16.22
1652		16.32
1653		16.25
1654		16.25
1655		16.27
1656		16.32
1657		16.42
1658		16.37
1659		16.50
1660		16.57
1661		16.57
1662		16.67
1663		16.80
1664		16.80
1665		16.80
1666		16.77
1667		16.75
1668		16.70
1669		16.60
1670		16.60
1671		16.50
1672		16.47
1673		16.45
1674		16.37
1675		16.35
1676		16.25
1677		16.27
1678		16.17
1679		16.20
1680		16.12
1681		16.08
1682		16.20
1683		15.93
1684		16.08
1685		16.05
1686		16.08
1687		16.12
1688		16.20
1689		16.12
1690		16.15
1691		16.15
1692		16.17
1693		16.20
1694		16.27
1695		16.15
1696		16.27
1697		16.32
1698		16.30
1699		16.42
1700		16.30
1701		16.45
1702		16.40
1703		16.45
1704		16.55
1705		16.52
1706		16.65
1707		16.62
1708		16.67
1709		16.67
1710		16.72
1711		16.77
1712		16.87
1713		16.97
1714		16.87
1715		16.97
1716		17.02
1717		17.02
1718		16.97
1719		17.12
1720		17.10
1721		17.10
1722		17.24
1723		17.15
1724		17.22
1725		17.15
1726		17.22
1727		17.20
1728		17.02
1729		17.20
1730		17.20
1731		17.27
1732		17.24
1733		17.17
1734		17.15
1735		17.10
1736		17.10
1737		17.07
1738		17.12
1739		17.02
1740		17.00
1741		16.90
1742		16.97
1743		16.90
1744		16.87
1745		16.80
1746		16.82
1747		16.67
1748		16.75
1749		16.67
1750		16.65
1751		16.67
1752		16.57
1753		16.65
1754		16.60
1755		16.65
1756		16.55
1757		16.57
1758		16.60
1759		16.57
1760		16.60
1761		16.52
1762		16.55
1763		16.50
1764		16.60
1765		16.60
1766		16.57
1767		16.60
1768		16.55
1769		16.57
1770		16.60
1771		16.62
1772		16.57
1773		16.72
1774		16.70
1775		16.62
1776		16.70
1777		16.60
1778		16.62
1779		16.65
1780		16.65
1781		16.67
1782		16.67
1783		16.62
1784		16.72
1785		16.67
1786		16.70
1787		16.82
1788		16.72
1789		16.80
1790		16.72
1791		16.72
1792		16.77
1793		16.75
1794		16.77
1795		16.80
1796		16.75
1797		16.77
1798		16.80
1799		16.77
1800		16.82
1801		16.80
1802		16.85
1803		16.85
1804		16.87
1805		16.92
1806		16.80
1807		16.90
1808		16.80
1809		16.92
1810		16.85
1811		16.90
1812		16.90
1813		16.92
1814		16.97
1815		16.92
1816		17.05
1817		17.05
1818		17.15
1819		17.17
1820		17.15
1821		17.20
1822		17.22
1823		17.22
1824		17.10
1825		17.20
1826		17.02
1827		16.95
1828		16.97
1829		16.85
1830		16.75
1831		16.72
1832		16.67
1833		16.67
1834		16.55
1835		16.45
1836		16.50
1837		16.42
1838		16.45
1839		16.42
1840		16.40
1841		16.42
1842		16.37
1843		16.32
1844		16.37
1845		16.32
1846		16.40
1847		16.45
1848		16.37
1849		16.45
1850		16.47
1851		16.47
1852		16.50
1853		16.50
1854		16.52
1855		16.57
1856		16.57
1857		16.55
1858		16.60
1859		16.55
1860		16.55
1861		16.60
1862		16.60
1863		16.75
1864		16.57
1865		16.70
1866		16.75
1867		16.82
1868		17.00
1869		17.07
1870		17.32
1871		17.39
1872		17.57
1873		17.72
1874		17.69
1875		17.72
1876		17.67
1877		17.59
1878		17.47
1879		17.42
1880		17.42
1881		17.27
1882		17.27
1883		17.29
1884		17.24
1885		17.29
1886		17.27
1887		17.32
1888		17.44
1889		17.34
1890		17.42
1891		17.39
1892		17.47
1893		17.39
1894		17.39
1895		17.42
1896		17.29
1897		17.29
1898		17.17
1899		17.22
1900		17.00
1901		17.00
1902		16.95
1903		16.82
1904		16.82
1905		16.70
1906		16.65
1907		16.62
1908		16.57
1909		16.52
1910		16.52
1911		16.50
1912		16.42
1913		16.45
1914		16.50
1915		16.45
1916		16.47
1917		16.52
1918		16.50
1919		16.57
1920		16.62
1921		16.75
1922		16.75
1923		16.82
1924		16.95
1925		17.05
1926		17.15
1927		17.22
1928		17.37
1929		17.47
1930		17.52
1931		17.64
1932		17.69
1933		17.82
1934		17.72
1935		17.82
1936		17.79
1937		17.84
1938		17.84
1939		17.77
1940		17.84
1941		17.67
1942		17.82
1943		17.64
1944		17.62
1945		17.52
1946		17.39
1947		17.17
1948		17.07
1949		16.97
1950		16.90
1951		16.85
1952		16.70
1953		16.67
1954		16.60
1955		16.52
1956		16.52
1957		16.42
1958		16.52
1959		16.47
1960		16.50
1961		16.45
1962		16.40
1963		16.45
1964		16.50
1965		16.47
1966		16.40
1967		16.52
1968		16.50
1969		16.62
1970		16.55
1971		16.70
1972		16.62
1973		16.67
1974		16.72
1975		16.72
1976		16.75
1977		16.85
1978		16.80
1979		16.80
1980		16.87
1981		16.85
1982		16.85
1983		16.85
1984		16.92
1985		16.87
1986		16.85
1987		16.92
1988		16.90
1989		16.95
1990		16.92
1991		16.90
1992		16.85
1993		16.92
1994		16.95
1995		16.82
1996		16.90
1997		16.92
1998		16.87
1999		16.85
2000		16.85
2001		16.85
2002		16.80
2003		16.85
2004		16.80
2005		16.85
2006		16.85
2007		16.75
2008		16.80
2009		16.80
2010		16.85
2011		16.82
2012		16.87
2013		16.80
2014		16.85
2015		16.90
2016		16.92
2017		16.95
2018		16.95
2019		16.97
2020		16.97
2021		17.02
2022		17.07
2023		17.15
2024		17.10
2025		17.22
2026		17.22
2027		17.29
2028		17.34
2029		17.44
2030		17.49
2031		17.49
2032		17.59
2033		17.67
2034		17.79
2035		17.87
2036		17.97
2037		18.04
2038		18.19
2039		18.34
2040		18.27
2041		18.29
2042		18.27
2043		18.07
2044		18.04
2045		17.87
2046		17.74
2047		17.57
#aver		16.91		