0		15.88
1		15.78
2		15.85
3		15.78
4		15.93
5		15.88
6		15.90
7		15.88
8		15.98
9		16.03
10		16.08
11		16.22
12		16.25
13		16.40
14		16.42
15		16.50
16		16.57
17		16.72
18		16.55
19		16.65
20		16.55
21		16.47
22		16.37
23		16.22
24		16.12
25		16.08
26		15.98
27		15.93
28		15.88
29		15.78
30		15.75
31		15.70
32		15.65
33		15.68
34		15.73
35		15.68
36		15.58
37		15.65
38		15.70
39		15.55
40		15.68
41		15.58
42		15.70
43		15.60
44		15.63
45		15.68
46		15.68
47		15.73
48		15.68
49		15.80
50		15.78
51		15.85
52		15.88
53		15.88
54		15.95
55		15.88
56		15.90
57		15.95
58		15.93
59		15.88
60		15.88
61		15.83
62		15.80
63		15.78
64		15.78
65		15.73
66		15.80
67		15.73
68		15.78
69		15.80
70		15.80
71		15.88
72		15.95
73		16.00
74		16.08
75		16.05
76		16.15
77		16.12
78		16.30
79		16.35
80		16.45
81		16.52
82		16.65
83		16.75
84		17.00
85		16.97
86		17.00
87		16.87
88		16.75
89		16.55
90		16.37
91		16.17
92		16.12
93		15.93
94		15.90
95		15.78
96		15.75
97		15.70
98		15.73
99		15.65
100		15.68
101		15.65
102		15.68
103		15.70
104		15.65
105		15.58
106		15.63
107		15.65
108		15.60
109		15.63
110		15.63
111		15.65
112		15.65
113		15.65
114		15.63
115		15.60
116		15.60
117		15.60
118		15.68
119		15.70
120		15.70
121		15.83
122		15.90
123		15.95
124		16.05
125		16.05
126		16.20
127		16.22
128		16.25
129		16.08
130		16.10
131		15.95
132		15.90
133		15.83
134		15.85
135		15.75
136		15.73
137		15.73
138		15.70
139		15.73
140		15.65
141		15.65
142		15.60
143		15.63
144		15.58
145		15.65
146		15.60
147		15.60
148		15.58
149		15.55
150		15.60
151		15.55
152		15.58
153		15.58
154		15.53
155		15.58
156		15.55
157		15.55
158		15.50
159		15.55
160		15.50
161		15.60
162		15.55
163		15.55
164		15.63
165		15.60
166		15.55
167		15.60
168		15.58
169		15.63
170		15.58
171		15.60
172		15.63
173		15.73
174		15.60
175		15.70
176		15.63
177		15.68
178		15.65
179		15.75
180		15.68
181		15.70
182		15.63
183		15.65
184		15.78
185		15.63
186		15.73
187		15.75
188		15.73
189		15.78
190		15.75
191		15.73
192		15.73
193		15.80
194		15.70
195		15.70
196		15.73
197		15.75
198		15.78
199		15.75
200		15.73
201		15.68
202		15.80
203		15.73
204		15.68
205		15.78
206		15.75
207		15.78
208		15.85
209		15.78
210		15.65
211		15.85
212		15.80
213		15.80
214		15.80
215		15.83
216		15.83
217		15.85
218		15.85
219		15.80
220		15.88
221		15.85
222		15.93
223		15.93
224		15.93
225		15.98
226		15.98
227		15.95
228		15.98
229		16.08
230		16.03
231		16.12
232		16.08
233		16.08
234		16.10
235		16.08
236		16.10
237		16.03
238		16.17
239		16.10
240		16.17
241		16.12
242		16.22
243		16.20
244		16.17
245		16.20
246		16.30
247		16.30
248		16.35
249		16.42
250		16.50
251		16.55
252		16.65
253		16.75
254		16.90
255		16.90
256		17.15
257		17.15
258		17.34
259		17.27
260		17.39
261		17.17
262		17.00
263		16.77
264		16.67
265		16.50
266		16.52
267		16.55
268		16.62
269		16.85
270		16.85
271		16.97
272		17.20
273		17.24
274		17.32
275		17.20
276		17.29
277		17.10
278		17.07
279		16.92
280		16.87
281		16.77
282		16.72
283		16.57
284		16.45
285		16.35
286		16.25
287		16.10
288		15.93
289		15.88
290		15.78
291		15.85
292		15.68
293		15.68
294		15.68
295		15.63
296		15.68
297		15.65
298		15.60
299		15.68
300		15.53
301		15.70
302		15.55
303		15.63
304		15.58
305		15.70
306		15.60
307		15.70
308		15.63
309		15.60
310		15.70
311		15.65
312		15.60
313		15.60
314		15.63
315		15.65
316		15.68
317		15.65
318		15.73
319		15.70
320		15.70
321		15.75
322		15.68
323		15.68
324		15.63
325		15.60
326		15.58
327		15.55
328		15.55
329		15.50
330		15.50
331		15.55
332		15.53
333		15.58
334		15.50
335		15.53
336		15.53
337		15.55
338		15.50
339		15.53
340		15.48
341		15.50
342		15.43
343		15.58
344		15.48
345		15.50
346		15.50
347		15.40
348		15.48
349		15.45
350		15.50
351		15.55
352		15.48
353		15.53
354		15.50
355		15.50
356		15.50
357		15.55
358		15.55
359		15.53
360		15.58
361		15.55
362		15.58
363		15.60
364		15.68
365		15.60
366		15.60
367		15.63
368		15.65
369		15.65
370		15.63
371		15.63
372		15.65
373		15.63
374		15.68
375		15.60
376		15.65
377		15.63
378		15.65
379		15.60
380		15.68
381		15.60
382		15.70
383		15.60
384		15.70
385		15.65
386		15.63
387		15.60
388		15.70
389		15.70
390		15.68
391		15.73
392		15.68
393		15.73
394		15.63
395		15.68
396		15.70
397		15.73
398		15.68
399		15.73
400		15.75
401		15.73
402		15.78
403		15.73
404		15.78
405		15.73
406		15.80
407		15.80
408		15.85
409		15.90
410		15.98
411		16.00
412		16.00
413		16.05
414		16.10
415		16.12
416		16.25
417		16.22
418		16.30
419		16.25
420		16.32
421		16.25
422		16.32
423		16.22
424		16.25
425		16.20
426		16.27
427		16.10
428		15.98
429		16.05
430		16.03
431		15.93
432		16.00
433		15.95
434		15.90
435		15.90
436		15.98
437		15.95
438		16.00
439		16.03
440		16.05
441		16.05
442		15.98
443		15.90
444		15.85
445		15.85
446		15.78
447		15.80
448		15.73
449		15.73
450		15.68
451		15.63
452		15.55
453		15.68
454		15.65
455		15.83
456		15.88
457		16.05
458		16.20
459		16.17
460		16.27
461		16.15
462		16.12
463		15.98
464		15.93
465		15.85
466		15.80
467		15.80
468		15.68
469		15.70
470		15.68
471		15.70
472		15.63
473		15.65
474		15.73
475		15.65
476		15.68
477		15.63
478		15.63
479		15.60
480		15.60
481		15.63
482		15.60
483		15.58
484		15.60
485		15.63
486		15.68
487		15.70
488		15.63
489		15.68
490		15.68
491		15.65
492		15.65
493		15.70
494		15.60
495		15.65
496		15.75
497		15.65
498		15.68
499		15.73
500		15.70
501		15.78
502		15.78
503		15.98
504		15.93
505		16.10
506		16.12
507		16.15
508		16.20
509		16.17
510		16.12
511		16.10
512		15.95
513		15.85
514		15.83
515		15.75
516		15.83
517		15.70
518		15.70
519		15.65
520		15.68
521		15.73
522		15.65
523		15.70
524		15.78
525		15.73
526		15.70
527		15.73
528		15.78
529		15.80
530		15.73
531		15.80
532		15.73
533		15.83
534		15.78
535		15.78
536		15.75
537		15.78
538		15.65
539		15.70
540		15.70
541		15.68
542		15.68
543		15.68
544		15.68
545		15.68
546		15.68
547		15.70
548		15.78
549		15.63
550		15.80
551		15.73
552		15.88
553		15.88
554		16.05
555		16.05
556		16.17
557		16.42
558		16.47
559		16.70
560		16.77
561		17.00
562		17.07
563		17.10
564		17.20
565		17.22
566		17.12
567		16.92
568		16.80
569		16.62
570		16.45
571		16.22
572		16.10
573		16.05
574		15.90
575		15.95
576		15.80
577		15.80
578		15.73
579		15.73
580		15.78
581		15.73
582		15.78
583		15.68
584		15.73
585		15.70
586		15.73
587		15.63
588		15.73
589		15.65
590		15.68
591		15.68
592		15.63
593		15.68
594		15.63
595		15.70
596		15.55
597		15.65
598		15.60
599		15.68
600		15.70
601		15.63
602		15.65
603		15.60
604		15.73
605		15.68
606		15.70
607		15.68
608		15.73
609		15.68
610		15.68
611		15.70
612		15.70
613		15.78
614		15.70
615		15.75
616		15.73
617		15.78
618		15.73
619		15.75
620		15.75
621		15.70
622		15.85
623		15.80
624		15.83
625		15.78
626		15.80
627		15.83
628		15.80
629		15.88
630		15.80
631		15.90
632		15.83
633		15.83
634		15.88
635		15.88
636		15.93
637		15.90
638		15.95
639		15.93
640		15.98
641		15.93
642		15.95
643		16.05
644		16.03
645		16.08
646		16.05
647		16.15
648		16.08
649		16.25
650		16.17
651		16.32
652		16.27
653		16.35
654		16.47
655		16.47
656		16.50
657		16.57
658		16.75
659		16.77
660		16.82
661		16.92
662		17.07
663		17.12
664		17.20
665		17.34
666		17.42
667		17.49
668		17.57
669		17.62
670		17.59
671		17.72
672		17.67
673		17.59
674		17.52
675		17.29
676		17.20
677		16.97
678		16.92
679		16.82
680		16.87
681		17.07
682		17.27
683		17.64
684		17.62
685		17.74
686		17.57
687		17.39
688		17.05
689		16.77
690		16.57
691		16.32
692		16.22
693		16.05
694		16.05
695		15.90
696		15.93
697		15.85
698		15.85
699		15.80
700		15.80
701		15.83
702		15.80
703		15.80
704		15.75
705		15.73
706		15.83
707		15.78
708		15.75
709		15.75
710		15.75
711		15.75
712		15.75
713		15.70
714		15.85
715		15.73
716		15.83
717		15.73
718		15.80
719		15.80
720		15.73
721		15.73
722		15.73
723		15.75
724		15.70
725		15.78
726		15.73
727		15.73
728		15.78
729		15.68
730		15.63
731		15.63
732		15.60
733		15.68
734		15.60
735		15.63
736		15.60
737		15.60
738		15.68
739		15.60
740		15.63
741		15.63
742		15.68
743		15.70
744		15.65
745		15.65
746		15.73
747		15.73
748		15.73
749		15.68
750		15.78
751		15.70
752		15.70
753		15.75
754		15.68
755		15.75
756		15.68
757		15.83
758		15.75
759		15.78
760		15.73
761		15.73
762		15.75
763		15.68
764		15.73
765		15.68
766		15.70
767		15.70
768		15.75
769		15.68
770		15.73
771		15.70
772		15.73
773		15.75
774		15.78
775		15.73
776		15.65
777		15.68
778		15.70
779		15.70
780		15.78
781		15.83
782		15.85
783		15.80
784		15.85
785		15.90
786		15.83
787		15.93
788		16.00
789		15.98
790		16.03
791		16.03
792		16.05
793		16.10
794		16.08
795		16.12
796		16.12
797		16.10
798		16.12
799		16.15
800		16.12
801		16.12
802		16.22
803		16.15
804		16.22
805		16.20
806		16.20
807		16.22
808		16.25
809		16.32
810		16.32
811		16.35
812		16.37
813		16.47
814		16.40
815		16.47
816		16.52
817		16.60
818		16.60
819		16.65
820		16.77
821		16.77
822		16.90
823		17.02
824		17.20
825		17.29
826		17.47
827		17.47
828		17.52
829		17.42
830		17.42
831		17.32
832		17.22
833		17.22
834		17.10
835		17.07
836		17.17
837		17.20
838		17.32
839		17.32
840		17.37
841		17.29
842		17.15
843		17.00
844		16.77
845		16.62
846		16.42
847		16.37
848		16.25
849		16.20
850		16.10
851		16.17
852		16.10
853		16.08
854		16.08
855		16.03
856		16.05
857		16.05
858		16.00
859		15.98
860		16.00
861		15.98
862		16.00
863		15.90
864		15.93
865		15.93
866		15.90
867		15.98
868		15.90
869		15.85
870		15.88
871		15.88
872		15.93
873		15.88
874		15.93
875		15.85
876		15.90
877		15.88
878		15.90
879		15.83
880		15.85
881		15.88
882		15.88
883		15.85
884		15.75
885		15.88
886		15.80
887		15.90
888		15.88
889		15.88
890		15.83
891		15.90
892		15.88
893		15.83
894		15.93
895		15.85
896		15.90
897		15.88
898		15.80
899		15.90
900		15.90
901		15.95
902		15.90
903		16.00
904		15.95
905		15.98
906		15.95
907		16.00
908		16.00
909		16.00
910		16.03
911		16.00
912		16.10
913		15.98
914		15.98
915		15.98
916		15.98
917		15.93
918		15.93
919		15.85
920		15.83
921		15.80
922		15.83
923		15.88
924		15.75
925		15.78
926		15.80
927		15.75
928		15.80
929		15.73
930		15.75
931		15.78
932		15.80
933		15.75
934		15.75
935		15.75
936		15.70
937		15.75
938		15.73
939		15.68
940		15.68
941		15.78
942		15.73
943		15.68
944		15.78
945		15.75
946		15.78
947		15.78
948		15.80
949		15.70
950		15.83
951		15.78
952		15.80
953		15.85
954		15.85
955		15.93
956		15.88
957		16.00
958		15.93
959		15.98
960		15.95
961		15.98
962		15.95
963		15.90
964		15.90
965		15.88
966		15.90
967		15.80
968		15.88
969		15.73
970		15.68
971		15.75
972		15.73
973		15.75
974		15.73
975		15.65
976		15.68
977		15.75
978		15.65
979		15.73
980		15.65
981		15.70
982		15.70
983		15.65
984		15.65
985		15.63
986		15.63
987		15.68
988		15.65
989		15.68
990		15.73
991		15.73
992		15.70
993		15.68
994		15.70
995		15.65
996		15.68
997		15.70
998		15.70
999		15.73
1000		15.70
1001		15.73
1002		15.68
1003		15.63
1004		15.68
1005		15.63
1006		15.70
1007		15.65
1008		15.63
1009		15.70
1010		15.68
1011		15.70
1012		15.60
1013		15.63
1014		15.68
1015		15.75
1016		15.60
1017		15.68
1018		15.68
1019		15.70
1020		15.75
1021		15.73
1022		15.83
1023		15.78
1024		15.83
1025		15.80
1026		15.78
1027		15.80
1028		15.78
1029		15.85
1030		15.83
1031		15.95
1032		15.83
1033		15.90
1034		15.85
1035		15.90
1036		15.85
1037		15.90
1038		15.90
1039		15.88
1040		15.95
1041		15.98
1042		16.05
1043		15.95
1044		16.05
1045		16.05
1046		16.25
1047		16.25
1048		16.37
1049		16.52
1050		16.62
1051		16.77
1052		16.95
1053		17.17
1054		17.37
1055		17.57
1056		17.87
1057		17.99
1058		18.04
1059		17.94
1060		17.72
1061		17.32
1062		17.02
1063		16.67
1064		16.37
1065		16.20
1066		16.03
1067		15.93
1068		15.78
1069		15.78
1070		15.65
1071		15.68
1072		15.55
1073		15.60
1074		15.60
1075		15.53
1076		15.58
1077		15.60
1078		15.53
1079		15.55
1080		15.55
1081		15.58
1082		15.55
1083		15.63
1084		15.53
1085		15.53
1086		15.55
1087		15.58
1088		15.63
1089		15.60
1090		15.55
1091		15.55
1092		15.63
1093		15.63
1094		15.60
1095		15.63
1096		15.70
1097		15.65
1098		15.63
1099		15.55
1100		15.63
1101		15.65
1102		15.53
1103		15.65
1104		15.65
1105		15.78
1106		15.60
1107		15.65
1108		15.63
1109		15.70
1110		15.60
1111		15.63
1112		15.63
1113		15.65
1114		15.70
1115		15.58
1116		15.68
1117		15.63
1118		15.65
1119		15.60
1120		15.60
1121		15.60
1122		15.68
1123		15.63
1124		15.58
1125		15.68
1126		15.63
1127		15.70
1128		15.60
1129		15.73
1130		15.65
1131		15.63
1132		15.65
1133		15.63
1134		15.68
1135		15.68
1136		15.73
1137		15.68
1138		15.65
1139		15.68
1140		15.73
1141		15.75
1142		15.70
1143		15.78
1144		15.73
1145		15.83
1146		15.78
1147		15.80
1148		15.70
1149		15.80
1150		15.78
1151		15.85
1152		15.83
1153		15.78
1154		15.88
1155		15.90
1156		15.90
1157		15.90
1158		15.93
1159		16.08
1160		16.05
1161		16.03
1162		16.08
1163		16.27
1164		16.32
1165		16.45
1166		16.62
1167		16.75
1168		16.92
1169		17.02
1170		17.27
1171		17.27
1172		17.37
1173		17.24
1174		17.32
1175		17.15
1176		17.00
1177		16.80
1178		16.60
1179		16.47
1180		16.30
1181		16.12
1182		16.03
1183		15.95
1184		15.85
1185		15.80
1186		15.80
1187		15.85
1188		15.83
1189		15.93
1190		15.93
1191		16.03
1192		16.05
1193		16.17
1194		16.32
1195		16.42
1196		16.50
1197		16.75
1198		16.72
1199		16.85
1200		16.70
1201		16.72
1202		16.45
1203		16.37
1204		16.15
1205		15.98
1206		15.88
1207		15.75
1208		15.78
1209		15.65
1210		15.70
1211		15.58
1212		15.65
1213		15.65
1214		15.70
1215		15.68
1216		15.68
1217		15.73
1218		15.65
1219		15.68
1220		15.68
1221		15.70
1222		15.73
1223		15.70
1224		15.73
1225		15.73
1226		15.73
1227		15.73
1228		15.75
1229		15.75
1230		15.88
1231		15.70
1232		15.75
1233		15.75
1234		15.70
1235		15.80
1236		15.78
1237		15.73
1238		15.75
1239		15.83
1240		15.78
1241		15.75
1242		15.78
1243		15.80
1244		15.78
1245		15.75
1246		15.83
1247		15.78
1248		15.83
1249		15.78
1250		15.83
1251		15.73
1252		15.70
1253		15.80
1254		15.83
1255		15.78
1256		15.85
1257		15.83
1258		15.83
1259		15.80
1260		15.78
1261		15.75
1262		15.73
1263		15.78
1264		15.85
1265		15.80
1266		15.85
1267		15.80
1268		15.88
1269		15.85
1270		15.88
1271		15.93
1272		15.83
1273		16.03
1274		15.90
1275		16.03
1276		15.98
1277		16.08
1278		16.08
1279		16.10
1280		16.03
1281		16.20
1282		16.22
1283		16.20
1284		16.27
1285		16.30
1286		16.30
1287		16.27
1288		16.32
1289		16.42
1290		16.45
1291		16.60
1292		16.67
1293		16.90
1294		16.97
1295		17.17
1296		17.29
1297		17.42
1298		17.47
1299		17.34
1300		17.22
1301		16.90
1302		16.70
1303		16.40
1304		16.20
1305		16.00
1306		15.85
1307		15.85
1308		15.70
1309		15.73
1310		15.65
1311		15.73
1312		15.68
1313		15.70
1314		15.68
1315		15.68
1316		15.80
1317		15.68
1318		15.70
1319		15.68
1320		15.75
1321		15.63
1322		15.68
1323		15.70
1324		15.73
1325		15.78
1326		15.63
1327		15.70
1328		15.73
1329		15.70
1330		15.65
1331		15.70
1332		15.68
1333		15.75
1334		15.73
1335		15.70
1336		15.73
1337		15.73
1338		15.68
1339		15.73
1340		15.70
1341		15.78
1342		15.73
1343		15.83
1344		15.70
1345		15.78
1346		15.70
1347		15.78
1348		15.75
1349		15.83
1350		15.78
1351		15.83
1352		15.83
1353		15.88
1354		15.88
1355		15.85
1356		15.85
1357		15.95
1358		15.93
1359		15.95
1360		15.98
1361		16.05
1362		16.05
1363		16.12
1364		16.17
1365		16.20
1366		16.22
1367		16.25
1368		16.25
1369		16.30
1370		16.25
1371		16.15
1372		16.17
1373		16.12
1374		16.08
1375		16.05
1376		15.98
1377		16.03
1378		15.83
1379		15.90
1380		15.85
1381		15.78
1382		15.75
1383		15.80
1384		15.75
1385		15.78
1386		15.83
1387		15.78
1388		15.80
1389		15.75
1390		15.78
1391		15.78
1392		15.75
1393		15.78
1394		15.70
1395		15.73
1396		15.73
1397		15.78
1398		15.73
1399		15.78
1400		15.78
1401		15.73
1402		15.73
1403		15.73
1404		15.70
1405		15.65
1406		15.80
1407		15.70
1408		15.73
1409		15.68
1410		15.70
1411		15.73
1412		15.75
1413		15.65
1414		15.70
1415		15.70
1416		15.63
1417		15.75
1418		15.70
1419		15.75
1420		15.73
1421		15.58
1422		15.80
1423		15.70
1424		15.78
1425		15.73
1426		15.75
1427		15.78
1428		15.83
1429		15.83
1430		15.80
1431		15.93
1432		15.83
1433		15.90
1434		15.88
1435		15.80
1436		15.85
1437		15.78
1438		15.85
1439		15.78
1440		15.85
1441		15.78
1442		15.78
1443		15.83
1444		15.75
1445		15.70
1446		15.75
1447		15.75
1448		15.68
1449		15.70
1450		15.70
1451		15.75
1452		15.65
1453		15.70
1454		15.63
1455		15.75
1456		15.68
1457		15.65
1458		15.68
1459		15.68
1460		15.73
1461		15.65
1462		15.80
1463		15.68
1464		15.75
1465		15.78
1466		15.83
1467		15.85
1468		15.85
1469		15.95
1470		15.90
1471		15.95
1472		16.05
1473		16.08
1474		16.05
1475		16.00
1476		16.08
1477		16.03
1478		16.03
1479		15.98
1480		15.90
1481		15.93
1482		15.90
1483		15.88
1484		15.83
1485		15.85
1486		15.83
1487		15.85
1488		15.78
1489		15.80
1490		15.75
1491		15.80
1492		15.80
1493		15.75
1494		15.95
1495		15.83
1496		15.98
1497		16.03
1498		16.15
1499		16.35
1500		16.57
1501		16.80
1502		17.00
1503		17.24
1504		17.27
1505		17.34
1506		17.24
1507		17.07
1508		16.87
1509		16.67
1510		16.52
1511		16.35
1512		16.17
1513		16.08
1514		16.08
1515		16.00
1516		15.88
1517		15.88
1518		15.85
1519		15.88
1520		15.85
1521		15.78
1522		15.75
1523		15.80
1524		15.75
1525		15.78
1526		15.73
1527		15.75
1528		15.75
1529		15.73
1530		15.75
1531		15.73
1532		15.70
1533		15.78
1534		15.70
1535		15.80
1536		15.73
1537		15.75
1538		15.75
1539		15.78
1540		15.73
1541		15.73
1542		15.75
1543		15.75
1544		15.70
1545		15.70
1546		15.70
1547		15.65
1548		15.68
1549		15.73
1550		15.70
1551		15.70
1552		15.73
1553		15.55
1554		15.68
1555		15.63
1556		15.70
1557		15.68
1558		15.65
1559		15.63
1560		15.65
1561		15.63
1562		15.60
1563		15.60
1564		15.60
1565		15.55
1566		15.60
1567		15.55
1568		15.68
1569		15.60
1570		15.58
1571		15.60
1572		15.63
1573		15.60
1574		15.60
1575		15.63
1576		15.63
1577		15.68
1578		15.70
1579		15.75
1580		15.75
1581		15.70
1582		15.80
1583		15.80
1584		15.88
1585		15.85
1586		16.00
1587		15.98
1588		16.12
1589		16.08
1590		16.17
1591		16.25
1592		16.32
1593		16.32
1594		16.25
1595		16.42
1596		16.35
1597		16.40
1598		16.40
1599		16.42
1600		16.40
1601		16.40
1602		16.47
1603		16.37
1604		16.35
1605		16.37
1606		16.35
1607		16.37
1608		16.35
1609		16.35
1610		16.25
1611		16.30
1612		16.17
1613		16.22
1614		16.17
1615		16.15
1616		16.10
1617		16.08
1618		16.12
1619		15.95
1620		16.03
1621		16.03
1622		16.05
1623		16.05
1624		16.08
1625		16.08
1626		16.12
1627		16.12
1628		16.17
1629		16.20
1630		16.17
1631		16.25
1632		16.27
1633		16.35
1634		16.22
1635		16.27
1636		16.22
1637		16.25
1638		16.32
1639		16.22
1640		16.27
1641		16.27
1642		16.30
1643		16.40
1644		16.47
1645		16.62
1646		16.62
1647		16.70
1648		16.80
1649		16.82
1650		16.80
1651		16.65
1652		16.60
1653		16.37
1654		16.37
1655		16.12
1656		16.05
1657		15.88
1658		15.93
1659		15.88
1660		15.88
1661		15.80
1662		15.80
1663		15.70
1664		15.75
1665		15.88
1666		15.80
1667		15.85
1668		15.83
1669		15.93
1670		15.90
1671		15.98
1672		15.93
1673		16.03
1674		16.08
1675		16.15
1676		16.08
1677		16.17
1678		16.12
1679		16.17
1680		16.12
1681		16.15
1682		16.10
1683		16.03
1684		16.05
1685		16.00
1686		16.03
1687		16.00
1688		16.08
1689		16.03
1690		16.05
1691		16.10
1692		16.20
1693		16.15
1694		16.27
1695		16.20
1696		16.27
1697		16.22
1698		16.10
1699		16.12
1700		16.05
1701		16.08
1702		15.93
1703		15.98
1704		15.85
1705		15.85
1706		15.80
1707		15.88
1708		15.78
1709		15.75
1710		15.80
1711		15.78
1712		15.83
1713		15.78
1714		15.75
1715		15.85
1716		15.78
1717		15.85
1718		15.83
1719		15.88
1720		15.85
1721		15.90
1722		15.88
1723		15.83
1724		15.93
1725		16.00
1726		16.03
1727		16.03
1728		16.05
1729		16.10
1730		16.15
1731		16.12
1732		16.17
1733		16.22
1734		16.20
1735		16.25
1736		16.22
1737		16.30
1738		16.27
1739		16.30
1740		16.27
1741		16.27
1742		16.45
1743		16.37
1744		16.40
1745		16.42
1746		16.52
1747		16.45
1748		16.52
1749		16.57
1750		16.57
1751		16.70
1752		16.67
1753		16.72
1754		16.80
1755		16.90
1756		16.87
1757		16.95
1758		16.97
1759		17.10
1760		17.10
1761		17.17
1762		17.29
1763		17.37
1764		17.39
1765		17.42
1766		17.57
1767		17.59
1768		17.67
1769		17.77
1770		17.89
1771		17.92
1772		18.02
1773		18.14
1774		18.19
1775		18.14
1776		18.34
1777		18.32
1778		18.54
1779		18.54
1780		18.66
1781		18.64
1782		18.66
1783		18.66
1784		18.71
1785		18.61
1786		18.51
1787		18.41
1788		18.24
1789		18.09
1790		17.89
1791		17.67
1792		17.52
1793		17.29
1794		17.24
1795		17.10
1796		17.12
1797		17.05
1798		17.17
1799		17.10
1800		17.17
1801		17.24
1802		17.17
1803		17.24
1804		17.17
1805		17.12
1806		16.87
1807		16.77
1808		16.57
1809		16.40
1810		16.27
1811		16.22
1812		16.03
1813		16.00
1814		16.03
1815		15.90
1816		15.88
1817		15.90
1818		15.88
1819		16.00
1820		15.88
1821		15.98
1822		15.93
1823		15.98
1824		15.98
1825		15.98
1826		16.00
1827		16.00
1828		16.03
1829		16.03
1830		16.03
1831		16.00
1832		16.00
1833		15.95
1834		15.78
1835		15.73
1836		15.73
1837		15.73
1838		15.65
1839		15.65
1840		15.55
1841		15.68
1842		15.63
1843		15.58
1844		15.68
1845		15.60
1846		15.63
1847		15.60
1848		15.68
1849		15.70
1850		15.65
1851		15.65
1852		15.60
1853		15.60
1854		15.53
1855		15.65
1856		15.53
1857		15.63
1858		15.60
1859		15.63
1860		15.63
1861		15.60
1862		15.70
1863		15.78
1864		15.75
1865		15.80
1866		15.95
1867		15.93
1868		15.98
1869		16.08
1870		16.10
1871		16.05
1872		16.20
1873		16.27
1874		16.17
1875		16.22
1876		16.15
1877		16.15
1878		16.15
1879		16.03
1880		16.08
1881		16.12
1882		15.98
1883		15.98
1884		15.98
1885		15.88
1886		15.88
1887		15.88
1888		15.88
1889		15.88
1890		15.85
1891		15.88
1892		15.80
1893		15.80
1894		15.88
1895		15.80
1896		15.83
1897		15.80
1898		15.78
1899		15.73
1900		15.80
1901		15.75
1902		15.78
1903		15.68
1904		15.68
1905		15.75
1906		15.73
1907		15.75
1908		15.60
1909		15.73
1910		15.60
1911		15.75
1912		15.70
1913		15.73
1914		15.68
1915		15.68
1916		15.68
1917		15.68
1918		15.73
1919		15.73
1920		15.73
1921		15.75
1922		15.73
1923		15.75
1924		15.73
1925		15.78
1926		15.75
1927		15.80
1928		15.80
1929		15.78
1930		15.75
1931		15.75
1932		15.80
1933		15.88
1934		15.83
1935		15.78
1936		15.85
1937		15.83
1938		15.85
1939		15.83
1940		15.85
1941		15.83
1942		15.80
1943		15.90
1944		15.80
1945		15.83
1946		15.78
1947		15.90
1948		15.78
1949		15.70
1950		15.78
1951		15.73
1952		15.70
1953		15.70
1954		15.73
1955		15.73
1956		15.73
1957		15.73
1958		15.73
1959		15.73
1960		15.70
1961		15.80
1962		15.75
1963		15.70
1964		15.65
1965		15.70
1966		15.70
1967		15.75
1968		15.75
1969		15.78
1970		15.70
1971		15.75
1972		15.73
1973		15.73
1974		15.70
1975		15.78
1976		15.70
1977		15.70
1978		15.68
1979		15.80
1980		15.70
1981		15.70
1982		15.70
1983		15.78
1984		15.70
1985		15.75
1986		15.80
1987		15.78
1988		15.73
1989		15.73
1990		15.73
1991		15.83
1992		15.68
1993		15.70
1994		15.68
1995		15.78
1996		15.73
1997		15.75
1998		15.70
1999		15.75
2000		15.73
2001		15.70
2002		15.78
2003		15.73
2004		15.80
2005		15.75
2006		15.80
2007		15.83
2008		15.85
2009		15.78
2010		15.75
2011		15.83
2012		15.88
2013		15.85
2014		15.80
2015		15.85
2016		15.85
2017		15.85
2018		15.88
2019		15.88
2020		15.80
2021		15.80
2022		15.90
2023		15.83
2024		15.90
2025		15.88
2026		15.83
2027		15.83
2028		15.88
2029		15.88
2030		15.80
2031		15.85
2032		15.88
2033		15.90
2034		15.88
2035		15.88
2036		15.83
2037		15.88
2038		15.85
2039		15.83
2040		15.83
2041		15.88
2042		15.85
2043		15.83
2044		15.95
2045		15.90
2046		15.93
2047		15.98
#aver		16.00		