% x                      y                        
1.6743983E-5             7.465015E-17             
1.6743983E-5             7.465015E-17             
3.3487966E-5             7.7115415E-17            
6.697593E-5              8.223923E-17             
6.697593E-5              8.223923E-17             
1.3395186E-4             9.355893E-17             
1.3395186E-4             9.355893E-17             
2.6790373E-4             1.2128752E-16            
4.018556E-4              1.5730904E-16            
4.018556E-4              1.5730904E-16            
6.697593E-4              2.7051527E-16            
9.37663E-4               4.6659143E-16            
9.37663E-4               4.6659143E-16            
0.0012055668             8.044543E-16             
0.0014734705             1.3854947E-15            
0.0017413743             2.3387206E-15            
0.0017413743             2.3387206E-15            
0.002009278              3.9451305E-15            
0.0025450855             1.152075E-14             
0.0025450855             1.152075E-14             
0.0030808928             4.1545902E-14            
0.0036167004             1.4776024E-13            
0.0036167004             1.4776024E-13            
0.004688315              1.0688287E-11            
0.0057599302             1.2363773E-10            
0.006831545              8.490494E-10             
0.00790316               4.2894905E-9             
0.00790316               4.2894905E-9             
0.008974775              1.4782526E-8             
0.01004639               4.8935124E-8             
0.011118005              1.4343551E-7             
0.011118005              1.4343551E-7             
0.012189619              3.8211766E-7             
0.013261234              9.3474523E-7             
0.0143328495             2.0776727E-6             
0.0143328495             2.0776727E-6             
0.015404465              4.3756477E-6             
0.01647608               8.701912E-6              
0.017547695              1.6513326E-5             
0.018619308              2.9903093E-5             
0.018619308              2.9903093E-5             
0.019690923              5.1929506E-5             
0.020762539              8.6652806E-5             
0.020762539              8.6652806E-5             
0.021834154              1.3933513E-4             
0.021834154              1.3933513E-4             
0.022798607              2.0763448E-4             
0.022798607              2.0763448E-4             
0.02355149               2.7873804E-4             
0.02355149               2.7873804E-4             
0.024304373              3.694494E-4              
0.024304373              3.694494E-4              
0.024908911              4.599025E-4              
0.024908911              4.599025E-4              
0.025418527              5.517323E-4              
0.025418527              5.517323E-4              
0.025928143              6.6288124E-4             
0.026386797              7.87719E-4               
0.026386797              7.87719E-4               
0.026733426              9.0583734E-4             
0.027080055              0.0010567679             
0.027080055              0.0010567679             
0.027360287              0.0012145631             
0.027360287              0.0012145631             
0.027595973              0.0013762203             
0.027831657              0.0015505262             
0.027831657              0.0015505262             
0.028021656              0.0016805208             
0.028211655              0.0017770163             
0.028401654              0.0019268148             
0.028591655              0.002853049              
0.028591655              0.002853049              
0.02873842               0.0056872093             
0.02873842               0.0056872093             
0.028885186              0.013773768              
0.029031953              0.03334977               
0.029178718              0.07373803               
0.029178718              0.07373803               
0.029325483              0.14636423               
0.02947225               0.25998938               
0.02947225               0.25998938               
0.029619016              0.41625303               
0.029765783              0.6093054                
0.029912548              0.82891077               
0.030059313              1.0643455                
0.03020608               1.3066131                
0.03020608               1.3066131                
0.030352846              1.5481966                
0.030499611              1.7818555                
0.030646378              2.0004497                
0.030646378              2.0004497                
0.030793143              2.1976585                
0.03093991               2.3695502                
0.031086676              2.5154183                
0.031233441              2.6372015                
0.031233441              2.6372015                
0.031380206              2.7379992                
0.031526975              2.8199868                
0.031526975              2.8199868                
0.03167374               2.8838637                
0.031820506              2.9305425                
0.03196727               2.9614387                
0.032114036              2.9789011                
0.032114036              2.9789011                
0.0322608                2.9856367                
0.03240757               2.9836621                
0.032554336              2.974406                 
0.0327011                2.9588332                
0.0327011                2.9588332                
0.032847866              2.9377358                
0.03299463               2.9121406                
0.0331414                2.882794                 
0.0331414                2.882794                 
0.033288166              2.850571                 
0.03343493               2.8162498                
0.033581696              2.780418                 
0.03372846               2.7435064                
0.03372846               2.7435064                
0.03387523               2.7059038                
0.034021996              2.66786                  
0.034021996              2.66786                  
0.03416876               2.629578                 
0.034315526              2.5912812                
0.034315526              2.5912812                
0.03446229               2.5531454                
0.03460906               2.5153131                
0.034755826              2.4779294                
0.034755826              2.4779294                
0.03490259               2.441092                 
0.035049357              2.404877                 
0.03519612               2.3693373                
0.03519612               2.3693373                
0.035342887              2.3345175                
0.035489656              2.3004503                
0.035489656              2.3004503                
0.03563642               2.267153                 
0.035783187              2.2346365                
0.03592995               2.2029066                
0.03592995               2.2029066                
0.036076717              2.1719651                
0.036223486              2.141809                 
0.036223486              2.141809                 
0.03637025               2.1124322                
0.036517017              2.0838253                
0.036517017              2.0838253                
0.03666378               2.0559773                
0.036810547              2.0288756                
0.036957316              2.0025055                
0.036957316              2.0025055                
0.03710408               1.9768499                
0.037250847              1.9518937                
0.037250847              1.9518937                
0.037397612              1.9279522                
0.037544377              1.904659                 
0.037691142              1.8819977                
0.037691142              1.8819977                
0.037984677              1.8381081                
0.038278207              1.7964104                
0.03857174               1.7569577                
0.03857174               1.7569577                
0.039158802              1.6842887                
0.03968716               1.6255742                
0.03968716               1.6255742                
0.04021552               1.572621                 
0.040743876              1.5249931                
0.041272234              1.482305                 
0.041272234              1.482305                 
0.041800592              1.4442967                
0.04232895               1.4106562                
0.042857308              1.3811454                
0.043385662              1.3555641                
0.04391402               1.3337548                
0.04391402               1.3337548                
0.044970736              1.3008199                
0.04602745               1.2810279                
0.04602745               1.2810279                
0.047084168              1.2724211                
0.047084168              1.2724211                
0.048035208              1.2718031                
0.048986252              1.2748646                
0.048986252              1.2748646                
0.049842194              1.2778038                
0.05069813               1.2780226                
0.05069813               1.2780226                
0.051458407              1.2737439                
0.052218683              1.2635229                
0.052218683              1.2635229                
0.052902933              1.2481205                
0.053587183              1.2261581                
0.053587183              1.2261581                
0.053682398              1.2225605                
0.053682398              1.2225605                
0.05387283               1.2149702                
0.05387283               1.2149702                
0.0542537                1.1982379                
0.0542537                1.1982379                
0.054634567              1.1795434                
0.055015434              1.1591129                
0.0553963                1.1373253                
0.055777166              1.1147693                
0.055777166              1.1147693                
0.056158032              1.0923183                
0.056158032              1.0923183                
0.05616149               1.0921185                
0.056164943              1.0919187                
0.0561684                1.0917192                
0.0561684                1.0917192                
0.05617531               1.0913204                
0.05617531               1.0913204                
0.05618913               1.0905248                
0.05618913               1.0905248                
0.056216776              1.0889417                
0.056216776              1.0889417                
0.056272063              1.0858127                
0.056327347              1.0827256                
0.056382634              1.079686                 
0.056493208              1.0737361                
0.056493208              1.0737361                
0.05660378               1.0680095                
0.056714352              1.0625648                
0.056714352              1.0625648                
0.056935497              1.0528666                
0.05715664               1.0450886                
0.057377785              1.0397807                
0.05759893               1.0375746                
0.05759893               1.0375746                
0.057820078              1.0390412                
0.058041222              1.044991                 
0.058262367              1.0562308                
0.058262367              1.0562308                
0.05848351               1.0735797                
0.058704656              1.0977857                
0.0589258                1.1295145                
0.05914695               1.169232                 
0.05914695               1.169232                 
0.059368093              1.2171934                
0.059589237              1.2733881                
0.05981038               1.3374947                
0.060031526              1.4089496                
0.060031526              1.4089496                
0.06025267               1.4869044                
0.06047382               1.5702795                
0.060694963              1.6578702                
0.060694963              1.6578702                
0.060916107              1.7483344                
0.06113725               1.8404249                
0.061358396              1.9328539                
0.061358396              1.9328539                
0.06157954               2.0243342                
0.06180069               2.1136088                
0.062021833              2.1995142                
0.062021833              2.1995142                
0.062242977              2.2809124                
0.06246412               2.357018                 
0.062685266              2.4272602                
0.062685266              2.4272602                
0.0628843                2.4848623                
0.06308333               2.536946                 
0.063282356              2.5834594                
0.06348139               2.6244729                
0.06348139               2.6244729                
0.06368042               2.660072                 
0.06387945               2.6904547                
0.06407848               2.715884                 
0.06407848               2.715884                 
0.06427751               2.7366807                
0.06447654               2.7532136                
0.06467557               2.7658627                
0.064874604              2.7750254                
0.064874604              2.7750254                
0.06507363               2.7810936                
0.06527267               2.7844477                
0.065471694              2.7854412                
0.06567072               2.784405                 
0.065869756              2.7816422                
0.065869756              2.7816422                
0.06606878               2.7774258                
0.06626782               2.7719994                
0.06666588               2.758324                 
0.06666588               2.758324                 
0.067063935              2.7420814                
0.067462                 2.7243857                
0.06786006               2.7059948                
0.06825812               2.6874058                
0.06825812               2.6874058                
0.068656184              2.6689615                
0.069054246              2.6509182                
0.0694523                2.6334848                
0.0694523                2.6334848                
0.06985036               2.616792                 
0.070248425              2.6009111                
0.07064649               2.5858788                
0.07064649               2.5858788                
0.07104455               2.5717287                
0.07144261               2.5584965                
0.07184067               2.5462034                
0.07184067               2.5462034                
0.07223873               2.5348716                
0.07223873               2.5348716                
0.07263679               2.5245287                
0.07303485               2.5151937                
0.073432915              2.5068874                
0.07383098               2.4996328                
0.07383098               2.4996328                
0.074627094              2.488364                 
0.07542322               2.481577                 
0.07621934               2.479463                 
0.07621934               2.479463                 
0.07701547               2.4821098                
0.077811584              2.4894845                
0.077811584              2.4894845                
0.07860771               2.5012767                
0.07940383               2.5169282                
0.08019995               2.5355704                
0.080996074              2.5559523                
0.080996074              2.5559523                
0.0817922                2.5765862                
0.082588315              2.596138                 
0.08338444               2.6138527                
0.08338444               2.6138527                
0.08418056               2.629495                 
0.08489707               2.6421573                
0.08489707               2.6421573                
0.08561358               2.6545177                
0.08633009               2.6682756                
0.08633009               2.6682756                
0.08697495               2.6837208                
0.08761981               2.7041538                
0.08761981               2.7041538                
0.08826467               2.7319844                
0.08826467               2.7319844                
0.08890953               2.7699926                
0.08890953               2.7699926                
0.0894899                2.8153474                
0.09001224               2.8668945                
0.09001224               2.8668945                
0.09053457               2.9295588                
0.09100467               2.9953723                
0.09100467               2.9953723                
0.09147477               3.0687764                
0.09194487               3.1469426                
0.09194487               3.1469426                
0.09241498               3.2256942                
0.092885084              3.3003688                
0.092885084              3.3003688                
0.09330817               3.3608117                
0.09373126               3.412942                 
0.09373126               3.412942                 
0.09415436               3.4557893                
0.09457745               3.4888248                
0.09457745               3.4888248                
0.09500054               3.5118456                
0.09542363               3.5251424                
0.09542363               3.5251424                
0.09584673               3.5294871                
0.096269816              3.5259628                
0.096692905              3.5157444                
0.096692905              3.5157444                
0.097116                 3.5000331                
0.09753909               3.479948                 
0.09753909               3.479948                 
0.097962186              3.4565551                
0.098385274              3.4308457                
0.09880837               3.4037046                
0.09923146               3.375889                 
0.09923146               3.375889                 
0.09965455               3.3481717                
0.100077644              3.3209524                
0.10050073               3.2946565                
0.10050073               3.2946565                
0.10092383               3.269667                 
0.10134692               3.246263                 
0.10177001               3.2247543                
0.10177001               3.2247543                
0.1021931                3.2053914                
0.1021931                3.2053914                
0.10303929               3.1737776                
0.10303929               3.1737776                
0.10388547               3.1525354                
0.10473166               3.1421964                
0.10557784               3.1426868                
0.10642402               3.153236                 
0.10642402               3.153236                 
0.1072702                3.172374                 
0.10811639               3.1976895                
0.10896257               3.2260735                
0.10896257               3.2260735                
0.10980876               3.2540977                
0.11065494               3.2785504                
0.11150113               3.2970202                
0.112347305              3.3083153                
0.112347305              3.3083153                
0.11319349               3.3126283                
0.114039674              3.3114655                
0.11488586               3.3071964                
0.115732044              3.3025942                
0.115732044              3.3025942                
0.11657823               3.3003416                
0.11742441               3.3028834                
0.11742441               3.3028834                
0.118185975              3.3111236                
0.11894754               3.32638                  
0.119709104              3.3494418                
0.119709104              3.3494418                
0.12047067               3.3802998                
0.12123224               3.4178886                
0.12123224               3.4178886                
0.12191765               3.4555786                
0.12260306               3.4943898                
0.12328847               3.5313644                
0.123973876              3.5634205                
0.123973876              3.5634205                
0.124659285              3.5879881                
0.1253447                3.6033714                
0.1260301                3.6089072                
0.1260301                3.6089072                
0.12671551               3.6048865                
0.12740092               3.5925412                
0.12740092               3.5925412                
0.12808633               3.573656                 
0.12877174               3.5501528                
0.12945715               3.524055                 
0.12945715               3.524055                 
0.13014255               3.4972956                
0.13082796               3.4716122                
0.13151337               3.4485621                
0.13151337               3.4485621                
0.13219878               3.4295223                
0.13288419               3.4156094                
0.1335696                3.4076443                
0.1335696                3.4076443                
0.134255                 3.4061723                
0.13494042               3.411254                 
0.13562582               3.4225347                
0.13631123               3.4391658                
0.13699664               3.4598732                
0.13699664               3.4598732                
0.13768205               3.4830198                
0.13836746               3.506702                 
0.13905287               3.529065                 
0.13905287               3.529065                 
0.13973828               3.5484695                
0.14042369               3.5636134                
0.14104055               3.572886                 
0.14104055               3.572886                 
0.14165743               3.577901                 
0.14227429               3.5788336                
0.14289115               3.576152                 
0.14289115               3.576152                 
0.14350803               3.5706842                
0.1441249                3.5633469                
0.14474176               3.555156                 
0.14474176               3.555156                 
0.14529695               3.5479133                
0.14585212               3.541517                 
0.1464073                3.5366158                
0.1464073                3.5366158                
0.14696248               3.5337508                
0.14751767               3.533363                 
0.14807285               3.53576                  
0.14807285               3.53576                  
0.14862803               3.5411506                
0.14918321               3.5495453                
0.14973839               3.560733                 
0.14973839               3.560733                 
0.15029357               3.5743704                
0.15084876               3.5899377                
0.15140393               3.6067507                
0.15195912               3.6240025                
0.15195912               3.6240025                
0.1525143                3.6408255                
0.15306948               3.6563406                
0.15362465               3.6697352                
0.15362465               3.6697352                
0.15417984               3.6803346                
0.15417984               3.6803346                
0.1552902                3.691469                 
0.1552902                3.691469                 
0.15640056               3.6883044                
0.15751092               3.6726286                
0.15851025               3.6514435                
0.15851025               3.6514435                
0.15950958               3.6277153                
0.1605089                3.6055872                
0.16150823               3.588659                 
0.16250756               3.5796676                
0.16350688               3.5802407                
0.16350688               3.5802407                
0.16450621               3.5906982                
0.16550554               3.6098635                
0.16650486               3.6349943                
0.16650486               3.6349943                
0.16750419               3.6620142                
0.16850352               3.686201                 
0.16950284               3.7033665                
0.17050217               3.7110527                
0.17050217               3.7110527                
0.17150149               3.70924                  
0.17250082               3.7000914                
0.17350015               3.6870391                
0.17449947               3.6736312                
0.17449947               3.6736312                
0.1754988                3.6628554                
0.17649813               3.6569524                
0.17749745               3.6575167                
0.17849678               3.6653457                
0.17849678               3.6653457                
0.17949611               3.6800432                
0.18049543               3.6995826                
0.18149476               3.7205358                
0.18149476               3.7205358                
0.18249407               3.7389235                
0.1834934                3.7514908                
0.18449274               3.756572                 
0.18549205               3.7541344                
0.18549205               3.7541344                
0.18649139               3.745327                 
0.18749072               3.7320967                
0.18849003               3.7171025                
0.18948936               3.7034461                
0.1904887                3.6939387                
0.1904887                3.6939387                
0.19148801               3.6902246                
0.19248734               3.6926367                
0.19348668               3.7008224                
0.19448599               3.7141917                
0.19448599               3.7141917                
0.19548532               3.7314086                
0.19648464               3.7496424                
0.19648464               3.7496424                
0.19738404               3.7639675                
0.19828343               3.774209                 
0.19918282               3.7791767                
0.20008223               3.778817                 
0.20008223               3.778817                 
0.20098162               3.7739213                
0.201881                 3.7658472                
0.2027804                3.7563007                
0.2027804                3.7563007                
0.2036798                3.7470455                
0.20457919               3.7397122                
0.20457919               3.7397122                
0.20547858               3.7356288                
0.20637797               3.7355177                
0.20718743               3.7390397                
0.20718743               3.7390397                
0.20799689               3.745674                 
0.20880634               3.7548594                
0.2096158                3.7657185                
0.21042524               3.7771566                
0.2112347                3.7879486                
0.2112347                3.7879486                
0.21204415               3.7968633                
0.21285361               3.8028936                
0.21366306               3.8053632                
0.21366306               3.8053632                
0.21447252               3.804167                 
0.21528198               3.7996893                
0.21609142               3.7927816                
0.21690089               3.7845082                
0.21690089               3.7845082                
0.21771033               3.7760434                
0.21851979               3.7684658                
0.21932924               3.7627366                
0.21932924               3.7627366                
0.2201387                3.7595706                
0.22094814               3.7594953                
0.2217576                3.7626636                
0.22256705               3.768942                 
0.22256705               3.768942                 
0.22337651               3.7776809                
0.22418597               3.787897                 
0.22418597               3.787897                 
0.22499542               3.7984362                
0.22580488               3.8081856                
0.22661433               3.8161469                
0.22742379               3.821563                 
0.22742379               3.821563                 
0.22823323               3.8239913                
0.2290427                3.8232787                
0.22985214               3.8197417                
0.22985214               3.8197417                
0.2306616                3.8140244                
0.23147105               3.8070683                
0.23228051               3.79991                  
0.23308997               3.793585                 
0.23308997               3.793585                 
0.23389941               3.7889967                
0.23470888               3.786745                 
0.23470888               3.786745                 
0.23551832               3.7871504                
0.23632778               3.7902527                
0.23713723               3.7957776                
0.23794669               3.8031456                
0.23794669               3.8031456                
0.23875614               3.8115702                
0.2395656                3.8201141                
0.24037506               3.8277888                
0.24037506               3.8277888                
0.2411845                3.8337579                
0.24199396               3.837462                 
0.24199396               3.837462                 
0.24280341               3.8386261                
0.24361287               3.8372462                
0.24442232               3.8336415                
0.24523178               3.8283846                
0.24523178               3.8283846                
0.24604122               3.8222013                
0.24685068               3.8159516                
0.24766013               3.8105106                
0.24766013               3.8105106                
0.24846959               3.806623                 
0.24927905               3.8048356                
0.2500885                3.8054388                
0.2500885                3.8054388                
0.25089794               3.8084533                
0.2517074                3.8135946                
0.25251687               3.8203378                
0.25251687               3.8203378                
0.25332633               3.827967                 
0.25413576               3.8356395                
0.25494522               3.8424728                
0.25575468               3.8477287                
0.25575468               3.8477287                
0.25656414               3.8508816                
0.2573736                3.851666                 
0.25818303               3.8501444                
0.25818303               3.8501444                
0.2589925                3.8467648                
0.25980195               3.8420477                
0.26061141               3.8366363                
0.26061141               3.8366363                
0.26142085               3.8312817                
0.2622303                3.826702                 
0.26303977               3.8234897                
0.26303977               3.8234897                
0.26384923               3.8221266                
0.26465866               3.8228378                
0.26546812               3.8255715                
0.26546812               3.8255715                
0.26627758               3.83008                  
0.26708704               3.835901                 
0.2678965                3.842412                 
0.26870593               3.8488936                
0.26870593               3.8488936                
0.2695154                3.8546154                
0.27032486               3.8589468                
0.27113432               3.861409                 
0.27194375               3.8617957                
0.27194375               3.8617957                
0.2727532                3.860164                 
0.27356267               3.8568544                
0.27437213               3.852387                 
0.27437213               3.852387                 
0.2751816                3.8474243                
0.27599102               3.8426526                
0.27680048               3.8387291                
0.27760994               3.8361344                
0.27760994               3.8361344                
0.2784194                3.8352256                
0.27922884               3.8361568                
0.2800383                3.8388622                
0.2800383                3.8388622                
0.28084776               3.843077                 
0.28165722               3.848341                 
0.28165722               3.848341                 
0.28246668               3.8540747                
0.2832761                3.8596544                
0.28408557               3.8644812                
0.28489503               3.8680449                
0.28489503               3.8680449                
0.2857045                3.8699498                
0.28651392               3.8700519                
0.2873234                3.8684235                
0.28813285               3.8653774                
0.28813285               3.8653774                
0.2889423                3.8613722                
0.28975177               3.8569977                
0.2905612                3.852881                 
0.2905612                3.852881                 
0.29137066               3.8495471                
0.29218012               3.8474166                
0.29298958               3.846796                 
0.29298958               3.846796                 
0.2939939                3.848202                 
0.2939939                3.848202                 
0.29499823               3.851846                 
0.29600254               3.857164                 
0.29700688               3.8632696                
0.29801118               3.869129                 
0.29801118               3.869129                 
0.29901552               3.8737404                
0.30001986               3.8763297                
0.30102417               3.8765113                
0.30102417               3.8765113                
0.3020285                3.8743849                
0.30303282               3.8705046                
0.30403715               3.8657486                
0.30403715               3.8657486                
0.30504146               3.8611531                
0.3060458                3.8576643                
0.30705014               3.8559875                
0.30805445               3.856464                 
0.30805445               3.856464                 
0.3090588                3.8590484                
0.3100631                3.8633177                
0.31106743               3.8685446                
0.31207174               3.8738158                
0.31307608               3.8782077                
0.31307608               3.8782077                
0.31408042               3.8809776                
0.31508473               3.881725                 
0.31608906               3.8804698                
0.31709337               3.8776171                
0.31709337               3.8776171                
0.3180977                3.8738432                
0.31910205               3.8699515                
0.32010636               3.8666961                
0.32010636               3.8666961                
0.3211107                3.864711                 
0.322115                 3.8644195                
0.32311934               3.8659348                
0.32412365               3.869031                 
0.32412365               3.869031                 
0.325128                 3.8731816                
0.32613233               3.8776507                
0.32713664               3.8816268                
0.32713664               3.8816268                
0.32814097               3.8844323                
0.32914528               3.8856325                
0.33014962               3.8851118                
0.33115393               3.8830886                
0.33115393               3.8830886                
0.33215827               3.8800647                
0.3331626                3.876682                 
0.3341669                3.8736413                
0.33517125               3.871567                 
0.33517125               3.871567                 
0.33617556               3.870872                 
0.3371799                3.8717186                
0.3381842                3.8739977                
0.33918855               3.8773246                
0.33918855               3.8773246                
0.34019288               3.8811097                
0.3411972                3.8846903                
0.34220153               3.887432                 
0.34220153               3.887432                 
0.34320584               3.8888762                
0.34421018               3.8888538                
0.3452145                3.8874886                
0.34621882               3.8851233                
0.34621882               3.8851233                
0.34722316               3.882299                 
0.34822747               3.8795843                
0.34822747               3.8795843                
0.3492318                3.8774986                
0.35023612               3.8764615                
0.35124046               3.8766856                
0.35224476               3.8781614                
0.3532491                3.8806596                
0.3532491                3.8806596                
0.35425344               3.88378                  
0.35525775               3.88698                  
0.3562621                3.8896904                
0.3562621                3.8896904                
0.3572664                3.8914387                
0.35827073               3.8919506                
0.35927504               3.8911996                
0.35927504               3.8911996                
0.36070427               3.8884168                
0.36070427               3.8884168                
0.36213347               3.8846905                
0.36356267               3.881537                 
0.36499187               3.880264                 
0.36642107               3.8815258                
0.36642107               3.8815258                
0.36785027               3.8850749                
0.36927947               3.88975                  
0.37070867               3.8937862                
0.37070867               3.8937862                
0.37213787               3.8956604                
0.37356707               3.894536                 
0.37499627               3.8909593                
0.37642547               3.8865743                
0.37642547               3.8865743                
0.37785468               3.8835785                
0.37928388               3.8833153                
0.37928388               3.8833153                
0.38071308               3.8856227                
0.3821423                3.8894885                
0.3821423                3.8894885                
0.3835715                3.8933284                
0.3850007                3.8958786                
0.3850007                3.8958786                
0.3864299                3.8965054                
0.3878591                3.8952157                
0.3892883                3.8925078                
0.3907175                3.8893685                
0.3907175                3.8893685                
0.3921467                3.8869488                
0.3935759                3.8861763                
0.3950051                3.8875468                
0.3964343                3.8906918                
0.3964343                3.8906918                
0.3978635                3.8945615                
0.3992927                3.8978984                
0.4007219                3.8994694                
0.4007219                3.8994694                
0.4021511                3.8987584                
0.40358034               3.8959997                
0.40358034               3.8959997                
0.40500954               3.8921843                
0.40643874               3.8888524                
0.40786794               3.8874397                
0.40929714               3.8887718                
0.40929714               3.8887718                
0.41072634               3.892425                 
0.41215554               3.89692                  
0.41215554               3.89692                  
0.4134418                3.9001596                
0.4147281                3.9016984                
0.41601437               3.9011066                
0.41601437               3.9011066                
0.41730067               3.898646                 
0.41858694               3.8951616                
0.41987324               3.8917463                
0.41987324               3.8917463                
0.4211595                3.8894687                
0.4211595                3.8894687                
0.42231718               3.8890684                
0.42347482               3.8904011                
0.42463246               3.8931656                
0.42579013               3.8966126                
0.42579013               3.8966126                
0.42694777               3.8998315                
0.42810544               3.9020498                
0.4292631                3.9027972                
0.4292631                3.9027972                
0.43042073               3.901999                 
0.4315784                3.8999474                
0.43273604               3.897195                 
0.4338937                3.8944197                
0.4338937                3.8944197                
0.43505135               3.8922882                
0.43620902               3.891338                 
0.43736666               3.8918312                
0.43736666               3.8918312                
0.4385243                3.8936684                
0.43968198               3.8963883                
0.44083962               3.8992848                
0.4419973                3.9016283                
0.4419973                3.9016283                
0.44315493               3.902891                 
0.44431257               3.9028652                
0.44547024               3.9016411                
0.4466279                3.899526                 
0.4466279                3.899526                 
0.44778556               3.897007                 
0.4489432                3.8947318                
0.45010087               3.8933682                
0.4512585                3.8933408                
0.4512585                3.8933408                
0.45241615               3.8946345                
0.45357382               3.8968258                
0.45473146               3.8992968                
0.45473146               3.8992968                
0.45588914               3.9014761                
0.45704678               3.9029372                
0.45820442               3.9033988                
0.4593621                3.9027607                
0.4593621                3.9027607                
0.46051973               3.901168                 
0.4616774                3.8990023                
0.46283504               3.8968387                
0.46283504               3.8968387                
0.4639927                3.8952744                
0.46515036               3.8947334                
0.466308                 3.8953373                
0.46746567               3.8968978                
0.46746567               3.8968978                
0.4686233                3.8990045                
0.46978098               3.9011397                
0.47093862               3.902818                 
0.47209626               3.9036703                
0.47209626               3.9036703                
0.47325394               3.9035065                
0.47441158               3.902371                 
0.47556925               3.9005713                
0.4767269                3.8986218                
0.4767269                3.8986218                
0.47788453               3.897078                 
0.4790422                3.8963323                
0.48019984               3.8965003                
0.4813575                3.897464                 
0.4813575                3.897464                 
0.48251516               3.8989983                
0.48367283               3.9008038                
0.48483047               3.9024858                
0.48483047               3.9024858                
0.4859881                3.903604                 
0.48714578               3.9038272                
0.48830342               3.9030957                
0.48830342               3.9030957                
0.4894611                3.9016678                
0.49061874               3.900013                 
0.49177638               3.8986032                
0.49293405               3.8977396                
0.49293405               3.8977396                
0.4940917                3.8975427                
0.49524936               3.8980358                
0.496407                 3.8991697                
0.49756467               3.900741                 
0.49756467               3.900741                 
0.4987223                3.90233                  
0.49987996               3.9034631                
0.5010376                3.9038348                
0.5010376                3.9038348                
0.5021953                3.9034555                
0.50335294               3.9025018                
0.5045106                3.9012454                
0.5045106                3.9012454                
0.5056682                3.8999743                
0.50682586               3.8989584                
0.50798357               3.8984308                
0.5091412                3.8985455                
0.5091412                3.8985455                
0.51029885               3.8993204                
0.5114565                3.900593                 
0.51261413               3.9020374                
0.51377183               3.9032602                
0.51377183               3.9032602                
0.5149295                3.9039388                
0.5160871                3.9039218                
0.51724476               3.9032767                
0.51724476               3.9032767                
0.5184024                3.9022276                
0.5195601                3.9010482                
0.52071774               3.8999975                
0.52071774               3.8999975                
0.5218754                3.8993084                
0.523033                 3.8991683                
0.5241907                3.8996468                
0.5241907                3.8996468                
0.52534837               3.9006295                
0.526506                 3.901851                 
0.52766365               3.9029925                
0.5288213                3.9037838                
0.5288213                3.9037838                
0.529979                 3.9040554                
0.53113663               3.9037702                
0.5322943                3.903017                 
0.5322943                3.903017                 
0.5334519                3.9019837                
0.53460956               3.9009233                
0.53576726               3.9001038                
0.5369249                3.8997517                
0.5369249                3.8997517                
0.53808254               3.8999693                
0.5392402                3.9006948                
0.5403978                3.9017184                
0.5415555                3.9027603                
0.5415555                3.9027603                
0.54271317               3.903569                 
0.5438708                3.9039829                
0.54502845               3.9039402                
0.5461861                3.9034615                
0.5461861                3.9034615                
0.5473438                3.902652                 
0.54850143               3.901711                 
0.5496591                3.9009056                
0.5508167                3.9004798                
0.5508167                3.9004798                
0.5519744                3.9005418                
0.55313206               3.9010224                
0.5542897                3.9017432                
0.5542897                3.9017432                
0.55544734               3.9025388                
0.556605                 3.9032736                
0.5577627                3.903809                 
0.5589203                3.9040005                
0.5589203                3.9040005                
0.56007797               3.9037583                
0.5612356                3.9031267                
0.56239325               3.902314                 
0.56239325               3.902314                 
0.56355095               3.9015596                
0.5647086                3.901063                 
0.56586623               3.9009266                
0.5670239                3.9011564                
0.5670239                3.9011564                
0.5681815                3.9016905                
0.5693392                3.9024081                
0.57049686               3.9031534                
0.5716545                3.9037547                
0.5716545                3.9037547                
0.57281214               3.9040601                
0.5739698                3.9039834                
0.5751275                3.9035437                
0.5751275                3.9035437                
0.5762851                3.9028707                
0.57744277               3.9021635                
0.5786004                3.901619                 
0.57975805               3.9013615                
0.57975805               3.9013615                
0.58091575               3.9014256                
0.5820734                3.9017773                
0.58323103               3.9023418                
0.5843887                3.9030054                
0.5843887                3.9030054                
0.5855464                3.9036078                
0.586704                 3.9039805                
0.58786166               3.9040167                
0.58786166               3.9040167                
0.5890193                3.9037218                
0.59017694               3.9032047                
0.59133464               3.9026222                
0.5924923                3.9021149                
0.5924923                3.9021149                
0.5936499                3.9017842                
0.59480757               3.9016962                
0.5959652                3.9018776                
0.5971229                3.9023006                
0.5971229                3.9023006                
0.59828055               3.9028754                
0.5994382                3.9034584                
0.60059583               3.9038925                
0.60059583               3.9038925                
0.6017535                3.904063                 
0.6029112                3.9039354                
0.6029112                3.9039354                
0.60522646               3.9030008                
0.60754174               3.9020038                
0.6098571                3.9017403                
0.6098571                3.9017403                
0.61217237               3.9024546                
0.6144877                3.9034898                
0.6144877                3.9034898                
0.6158857                3.9038582                
0.6158857                3.9038582                
0.61728364               3.903915                 
0.61868167               3.9037688                
0.62007964               3.9035292                
0.62287563               3.903083                 
0.62287563               3.903083                 
0.625392                 3.9029262                
0.6279084                3.9029694                
0.6304248                3.903094                 
0.6304248                3.903094                 
0.6354576                3.903209                 
0.64049035               3.9032328                
0.64049035               3.9032328                
0.65055585               3.9032671                
0.65055585               3.9032671                
0.67068696               3.9033487                
0.67068696               3.9033487                
0.71094906               3.9034564                
0.71094906               3.9034564                
0.7914734                3.9035606                
0.7914734                3.9035606                
0.952522                 3.9036272                
0.952522                 3.9036272                
1.2746191                3.9036527                
1.2746191                3.9036527                
1.7746191                3.9036584                
2.274619                 3.903658                 
2.274619                 3.903658                 
2.774619                 3.9036586                
2.774619                 3.9036586                
3.274619                 3.9036584                
3.274619                 3.9036584                
3.774619                 3.9036586                
3.774619                 3.9036586                
4.274619                 3.9036586                
4.274619                 3.9036586                
4.774619                 3.9036586                
5.0                      3.9036586                
